(1,1,1),(1,1,3),(1,1,4),(1,2,3),(1,2,4),(1,7,6),(1,7,1),(1,27,1),
(2,1,1),(2,1,3),(2,1,4),(2,2,3),(2,2,4),(2,7,6),(2,7,1),(2,19,1),(2,27,2),
(3,1,1),(3,1,3),(3,1,4),(3,2,3),(3,2,4),(3,7,6),(3,27,1),(3,35,1),(3,41,1),
(4,1,1),(4,1,3),(4,1,4),(4,2,3),(4,2,4),(4,7,6),(4,27,1),(4,35,1),(4,41,1),
(5,1,1),(5,1,3),(5,1,4),(5,2,4),(5,6,1),(5,7,6),(5,7,2),(5,10,-1),(5,19,2),(5,27,3),
(6,1,1),(6,1,3),(6,1,4),(6,2,1),(6,2,3),(6,2,4),(6,6,0),(6,7,6),(6,7,1),(6,20,2),(6,27,3),
(7,1,1),(7,1,3),(7,1,4),(7,2,3),(7,2,4),(7,7,6),(7,18,1),(7,20,1),(7,27,1),(7,30,1),(7,41,1),
(8,1,1),(8,1,3),(8,1,4),(8,2,3),(8,2,4),(8,6,-1),(8,7,6),(8,8,-1),(8,8,1),(8,27,1),(8,35,2),(8,41,2),
(9,1,1),(9,1,3),(9,1,4),(9,2,1),(9,2,2),(9,2,3),(9,2,4),(9,6,2),(9,7,6),(9,10,-2),(9,10,-2),(9,19,3),(9,27,4),
(10,1,1),(10,1,3),(10,1,4),(10,2,3),(10,2,4),(10,6,0),(10,7,6),(10,20,3),(10,27,4),
(11,1,1),(11,1,3),(11,1,4),(11,2,3),(11,2,4),(11,7,6),(11,18,2),(11,20,2),(11,27,2),(11,30,2),(11,41,2),
(12,1,1),(12,1,3),(12,1,4),(12,6,-2),(12,7,6),(12,8,-1),(12,8,1),(12,10,-1),(12,10,1),(12,27,2),(12,31,1),(12,35,3),(12,41,3),(12,43,1),(12,49,1),
(13,1,1),(13,1,3),(13,1,4),(13,2,3),(13,2,4),(13,7,6),
(14,1,1),(14,1,3),(14,1,4),(14,2,3),(14,2,4),(14,7,6),(14,10,-1),(14,19,1),
(15,1,1),(15,1,3),(15,1,4),(15,2,3),(15,2,4),(15,7,6),(15,20,1),
(16,1,1),(16,1,3),(16,1,4),(16,2,3),(16,2,4),(16,7,6),(16,41,1),
(17,1,1),(17,1,3),(17,1,4),(17,2,1),(17,2,3),(17,2,4),(17,6,1),(17,7,6),(17,10,-2),(17,19,2),
(18,1,1),(18,1,3),(18,1,4),(18,2,3),(18,2,4),(18,7,6),(18,10,-1),(18,20,2),
(19,1,1),(19,1,3),(19,1,4),(19,2,3),(19,2,4),(19,6,-1),(19,7,6),(19,10,1),(19,41,2),
(20,1,1),(20,1,3),(20,1,4),(20,2,3),(20,2,4),(20,6,2),(20,7,6),(20,10,-1),(20,10,-3),(20,19,3),
(21,1,1),(21,1,3),(21,1,4),(21,2,3),(21,2,4),(21,6,0),(21,7,6),(21,10,-2),(21,20,3),
(22,1,1),(22,1,3),(22,1,4),(22,2,1),(22,2,3),(22,2,4),(22,6,-2),(22,7,6),(22,10,-1),(22,10,2),(22,41,3),
(23,1,1),(23,1,3),(23,1,4),(23,2,3),(23,2,4),(23,6,1),(23,10,-1),
(24,1,1),(24,1,3),(24,1,4),(24,2,3),(24,2,4),(24,10,-2),(24,19,1),
(25,1,1),(25,1,3),(25,1,4),(25,2,3),(25,2,4),(25,6,0),(25,20,1),
(26,1,1),(26,1,3),(26,1,4),(26,2,3),(26,2,4),(26,6,1),(26,40,1),(26,41,1),
(27,1,1),(27,1,3),(27,1,4),(27,2,3),(27,2,4),(27,6,2),(27,6,0),(27,10,-3),(27,19,2),
(28,1,1),(28,1,3),(28,1,4),(28,2,3),(28,2,4),(28,6,0),(28,20,2),
(29,1,1),(29,1,3),(29,1,4),(29,2,3),(29,2,4),(29,6,2),(29,40,2),(29,41,2),
(30,1,1),(30,1,3),(30,1,4),(30,2,3),(30,2,4),(30,6,3),(30,10,-4),(30,19,3),
(31,1,1),(31,1,3),(31,1,4),(31,2,3),(31,2,4),(31,6,0),(31,10,-1),(31,20,3),
(32,1,1),(32,1,3),(32,1,4),(32,2,3),(32,2,4),(32,6,3),(32,10,-1),(32,40,3),(32,41,3),
(33,1,1),(33,1,3),(33,1,4),(33,2,3),(33,2,4),(33,2,5),(33,7,6),
(34,1,1),(34,1,3),(34,1,4),(34,2,3),(34,2,4),(34,2,5),(34,7,6),(34,19,1),
(35,1,1),(35,1,3),(35,1,4),(35,2,3),(35,2,4),(35,2,5),(35,7,6),(35,20,1),(35,22,1),
(36,1,1),(36,1,3),(36,1,4),(36,2,3),(36,2,4),(36,2,5),(36,6,1),(36,7,6),(36,41,1),
(37,1,1),(37,1,3),(37,1,4),(37,2,3),(37,2,4),(37,2,5),(37,6,0),(37,7,6),(37,10,-1),(37,19,2),
(38,1,1),(38,1,3),(38,1,4),(38,2,3),(38,2,4),(38,2,5),(38,7,6),(38,20,2),(38,22,2),
(39,1,1),(39,1,3),(39,1,4),(39,2,3),(39,2,4),(39,2,5),(39,6,-1),(39,6,0),(39,6,2),(39,7,6),(39,41,2),
(40,1,1),(40,1,3),(40,1,4),(40,2,3),(40,2,4),(40,2,5),(40,6,-2),(40,6,1),(40,7,6),(40,10,-2),(40,19,3),
(41,1,1),(41,1,3),(41,1,4),(41,2,3),(41,2,4),(41,2,5),(41,6,0),(41,7,6),(41,20,3),(41,22,3),
(42,1,1),(42,1,3),(42,1,4),(42,2,3),(42,2,4),(42,2,5),(42,6,-2),(42,6,0),(42,6,3),(42,7,6),(42,10,1),(42,31,1),(42,35,1),(42,41,3),
(43,1,1),(43,1,3),(43,1,4),(43,2,3),(43,2,4),(43,39,1),
(44,1,1),(44,1,3),(44,1,4),(44,2,1),(44,2,3),(44,2,4),(44,11,-1),(44,19,1),(44,39,2),
(45,1,1),(45,1,3),(45,1,4),(45,2,3),(45,2,4),(45,11,-1),(45,39,2),(45,41,1),
(46,1,1),(46,1,3),(46,1,4),(46,2,1),(46,2,3),(46,2,4),(46,10,-1),(46,11,-2),(46,19,2),(46,39,3),
(47,1,1),(47,1,3),(47,1,4),(47,2,3),(47,2,4),(47,6,-1),(47,11,-2),(47,39,3),(47,41,2),
(48,1,1),(48,1,3),(48,1,4),(48,2,1),(48,2,3),(48,2,4),(48,10,1),(48,10,-2),(48,11,-3),(48,18,1),(48,19,3),(48,39,4),
(49,1,1),(49,1,3),(49,1,4),(49,2,3),(49,2,4),(49,6,-2),(49,10,1),(49,11,-3),(49,39,4),(49,41,3),
(50,1,1),(50,1,3),(50,1,4),(50,2,3),(50,2,4),(50,10,-1),
(51,1,1),(51,1,3),(51,1,4),(51,2,3),(51,2,4),(51,10,-2),(51,19,1),(51,39,1),
(52,1,1),(52,1,3),(52,1,4),(52,2,3),(52,2,4),(52,10,-2),(52,39,1),(52,41,1),
(53,1,1),(53,1,3),(53,1,4),(53,2,3),(53,2,4),(53,10,-3),(53,19,2),(53,39,2),
(54,1,1),(54,1,3),(54,1,4),(54,2,3),(54,2,4),(54,10,-3),(54,39,2),(54,41,2),
(55,1,1),(55,1,3),(55,1,4),(55,2,3),(55,2,4),(55,10,-4),(55,10,-2),(55,19,3),(55,39,3),
(56,1,1),(56,1,3),(56,1,4),(56,2,3),(56,2,4),(56,6,-2),(56,10,-4),(56,39,3),(56,41,3),
(57,1,1),(57,1,3),(57,1,4),(57,2,3),(57,2,4),(57,21,1),
(58,1,1),(58,1,3),(58,1,4),(58,2,3),(58,2,4),(58,19,1),(58,21,2),
(59,1,1),(59,1,3),(59,1,4),(59,2,3),(59,2,4),(59,21,2),(59,41,1),
(60,1,1),(60,1,3),(60,1,4),(60,2,3),(60,2,4),(60,7,6),(60,19,2),(60,21,3),
(61,1,1),(61,1,3),(61,1,4),(61,2,3),(61,2,4),(61,7,6),(61,21,3),(61,41,2),
(62,1,1),(62,1,3),(62,1,4),(62,2,3),(62,2,4),(62,7,6),(62,10,-1),(62,19,3),(62,21,4),
(63,1,1),(63,1,3),(63,1,4),(63,2,3),(63,2,4),(63,7,6),(63,21,4),(63,41,3),
(64,1,1),(64,1,3),(64,1,4),(64,2,3),(64,2,4),(64,36,1),
(65,1,1),(65,1,3),(65,1,4),(65,2,3),(65,2,4),(65,2,5),(65,7,6),(65,19,1),(65,36,2),
(66,1,1),(66,1,3),(66,1,4),(66,2,3),(66,2,4),(66,2,5),(66,7,6),(66,20,1),(66,36,2),
(67,1,1),(67,1,3),(67,1,4),(67,2,3),(67,2,4),(67,2,5),(67,7,6),(67,41,1),(67,43,1),
(68,1,1),(68,1,3),(68,1,4),(68,2,3),(68,2,4),(68,2,5),(68,7,6),(68,10,-1),(68,19,2),(68,36,3),
(69,1,1),(69,1,3),(69,1,4),(69,2,3),(69,2,4),(69,2,5),(69,7,6),(69,20,2),(69,36,3),(69,37,1),
(70,1,1),(70,1,3),(70,1,4),(70,2,3),(70,2,4),(70,6,1),(70,7,6),(70,18,1),(70,20,1),(70,30,1),(70,41,1),(70,43,1),
(71,1,1),(71,1,3),(71,1,4),(71,2,3),(71,2,4),(71,6,-1),(71,7,6),(71,10,1),(71,31,1),(71,41,2),(71,43,2),(71,49,1),
(72,1,1),(72,1,3),(72,1,4),(72,2,1),(72,2,3),(72,2,4),(72,2,5),(72,6,1),(72,7,6),(72,10,-2),(72,19,3),(72,36,4),
(73,1,1),(73,1,3),(73,1,4),(73,2,3),(73,2,4),(73,2,5),(73,6,0),(73,6,1),(73,7,6),(73,20,3),(73,36,4),
(74,1,1),(74,1,3),(74,1,4),(74,2,3),(74,2,4),(74,6,2),(74,7,6),(74,18,2),(74,20,2),(74,30,2),(74,41,2),(74,43,2),
(75,1,1),(75,1,3),(75,1,4),(75,2,3),(75,2,4),(75,6,-3),(75,7,6),(75,8,-1),(75,8,1),(75,10,2),(75,31,1),(75,35,1),(75,41,3),(75,43,3),(75,49,1),
(76,1,1),(76,1,3),(76,1,4),(76,2,1),(76,2,3),(76,2,4),(76,2,5),(76,36,1),
(77,1,1),(77,1,3),(77,1,4),(77,2,3),(77,2,4),(77,6,0),(77,6,2),(77,19,1),(77,36,1),
(78,1,1),(78,1,3),(78,1,4),(78,2,3),(78,2,4),(78,2,5),(78,20,1),(78,36,1),(78,42,1),
(79,1,1),(79,1,3),(79,1,4),(79,2,3),(79,2,4),(79,2,5),(79,18,-1),(79,36,1),(79,41,1),
(80,1,1),(80,1,3),(80,1,4),(80,2,3),(80,2,4),(80,6,1),(80,6,0),(80,6,3),(80,10,-1),(80,19,2),(80,36,1),
(81,1,1),(81,1,3),(81,1,4),(81,2,3),(81,2,4),(81,2,5),(81,20,2),(81,36,1),(81,42,2),
(82,1,1),(82,1,3),(82,1,4),(82,2,3),(82,2,4),(82,2,5),(82,6,-1),(82,8,-1),(82,10,1),(82,18,-2),(82,36,1),(82,41,2),(82,43,1),
(83,1,1),(83,1,3),(83,1,4),(83,2,3),(83,2,4),(83,6,3),(83,6,0),(83,6,4),(83,10,-3),(83,19,3),(83,36,1),
(84,1,1),(84,1,3),(84,1,4),(84,2,3),(84,2,4),(84,2,5),(84,20,3),(84,36,1),(84,42,3),
(85,1,1),(85,1,3),(85,1,4),(85,2,3),(85,2,4),(85,2,5),(85,6,-2),(85,8,-2),(85,10,3),(85,18,-3),(85,36,1),(85,41,3),(85,43,2),
(86,1,1),(86,1,3),(86,1,4),(86,2,3),(86,2,4),(86,33,1),
(87,1,1),(87,1,3),(87,1,4),(87,2,3),(87,2,4),(87,19,1),(87,33,2),
(88,1,1),(88,1,3),(88,1,4),(88,2,1),(88,2,3),(88,2,4),(88,20,1),(88,33,2),
(89,1,1),(89,1,3),(89,1,4),(89,2,3),(89,2,4),(89,7,6),(89,33,2),(89,41,1),
(90,1,1),(90,1,3),(90,1,4),(90,2,1),(90,2,3),(90,2,4),(90,10,-1),(90,19,2),(90,33,3),
(91,1,1),(91,1,3),(91,1,4),(91,2,3),(91,2,4),(91,6,1),(91,20,2),(91,33,3),
(92,1,1),(92,1,3),(92,1,4),(92,2,1),(92,2,3),(92,2,4),(92,6,-1),(92,7,6),(92,33,3),(92,41,2),
(93,1,1),(93,1,3),(93,1,4),(93,2,1),(93,2,3),(93,2,4),(93,6,0),(93,10,-2),(93,19,3),(93,33,4),
(94,1,1),(94,1,3),(94,1,4),(94,2,1),(94,2,3),(94,2,4),(94,2,5),(94,6,2),(94,20,3),(94,33,4),
(95,1,1),(95,1,3),(95,1,4),(95,2,3),(95,2,4),(95,6,-2),(95,7,6),(95,33,4),(95,41,3),
(96,1,1),(96,1,3),(96,1,4),(96,2,3),(96,2,4),(96,7,6),
(97,1,1),(97,1,3),(97,1,4),(97,2,3),(97,2,4),(97,6,0),(97,7,6),(97,19,1),
(98,1,1),(98,1,3),(98,1,4),(98,2,3),(98,2,4),(98,7,6),(98,18,1),(98,20,1),(98,36,1),(98,51,1),
(99,1,1),(99,1,3),(99,1,4),(99,2,3),(99,2,4),(99,6,-1),(99,7,6),(99,41,1),
(100,1,1),(100,1,3),(100,1,4),(100,2,3),(100,2,4),(100,6,0),(100,7,6),(100,10,-1),(100,19,2),
(101,1,1),(101,1,3),(101,1,4),(101,2,3),(101,2,4),(101,7,6),(101,18,2),(101,20,2),(101,36,2),(101,51,1),
(102,1,1),(102,1,3),(102,1,4),(102,2,3),(102,2,4),(102,6,1),(102,7,6),(102,20,1),(102,41,1),
(103,1,1),(103,1,3),(103,1,4),(103,2,3),(103,2,4),(103,6,-1),(103,6,1),(103,7,6),(103,8,-1),(103,41,2),
(104,1,1),(104,1,3),(104,1,4),(104,2,3),(104,2,4),(104,6,0),(104,6,2),(104,7,6),(104,10,-3),(104,19,3),
(105,1,1),(105,1,3),(105,1,4),(105,2,3),(105,2,4),(105,6,1),(105,7,6),(105,18,3),(105,20,3),(105,36,2),(105,51,2),
(106,1,1),(106,1,3),(106,1,4),(106,2,3),(106,2,4),(106,6,2),(106,7,6),(106,18,2),(106,20,2),(106,41,2),
(107,1,1),(107,1,3),(107,1,4),(107,2,3),(107,2,4),(107,6,-2),(107,7,6),(107,41,3),(107,43,2),
(108,1,1),(108,1,3),(108,1,4),(108,2,3),(108,2,4),(108,2,5),(108,36,1),(108,46,1),
(109,1,1),(109,1,3),(109,1,4),(109,2,3),(109,2,4),(109,2,5),(109,19,1),(109,36,2),(109,46,2),
(110,1,1),(110,1,3),(110,1,4),(110,2,3),(110,2,4),(110,2,5),(110,20,1),(110,36,2),(110,46,2),
(111,1,1),(111,1,3),(111,1,4),(111,2,3),(111,2,4),(111,2,5),(111,22,1),(111,36,2),(111,41,1),(111,46,2),
(112,1,1),(112,1,3),(112,1,4),(112,2,3),(112,2,4),(112,2,5),(112,19,2),(112,36,2),(112,46,3),
(113,1,1),(113,1,3),(113,1,4),(113,2,3),(113,2,4),(113,2,5),(113,20,2),(113,36,2),(113,46,3),
(114,1,1),(114,1,3),(114,1,4),(114,2,3),(114,2,4),(114,2,5),(114,20,1),(114,22,1),(114,36,2),(114,41,1),(114,46,3),
(115,1,1),(115,1,3),(115,1,4),(115,2,3),(115,2,4),(115,2,5),(115,22,1),(115,36,2),(115,41,2),(115,43,1),(115,46,3),
(116,1,1),(116,1,3),(116,1,4),(116,2,3),(116,2,4),(116,2,5),(116,10,-2),(116,19,3),(116,36,3),(116,46,4),
(117,1,1),(117,1,3),(117,1,4),(117,2,3),(117,2,4),(117,2,5),(117,20,3),(117,36,3),(117,46,4),(117,50,1),
(118,1,1),(118,1,3),(118,1,4),(118,2,3),(118,2,4),(118,2,5),(118,20,2),(118,22,2),(118,36,3),(118,41,2),(118,46,4),
(119,1,1),(119,1,3),(119,1,4),(119,2,3),(119,2,4),(119,2,5),(119,6,-2),(119,22,2),(119,36,3),(119,41,3),(119,43,2),(119,46,4),
(120,1,1),(120,1,3),(120,1,4),(120,2,3),(120,2,4),(120,6,0),(120,10,1),(120,11,1),
(121,1,1),(121,1,3),(121,1,4),(121,2,3),(121,2,4),(121,11,2),(121,18,-1),(121,19,1),
(122,1,1),(122,1,3),(122,1,4),(122,2,3),(122,2,4),(122,11,2),(122,20,1),(122,38,1),
(123,1,1),(123,1,3),(123,1,4),(123,2,3),(123,2,4),(123,6,-1),(123,11,2),(123,41,1),
(124,1,1),(124,1,3),(124,1,4),(124,2,3),(124,2,4),(124,11,3),(124,18,1),(124,19,2),
(125,1,1),(125,1,3),(125,1,4),(125,2,3),(125,2,4),(125,11,2),(125,20,2),(125,38,2),
(126,1,1),(126,1,3),(126,1,4),(126,2,3),(126,2,4),(126,6,-1),(126,11,3),(126,41,2),
(127,1,1),(127,1,3),(127,1,4),(127,2,3),(127,2,4),(127,11,4),(127,18,2),(127,19,3),
(128,1,1),(128,1,3),(128,1,4),(128,2,3),(128,2,4),(128,11,4),(128,20,3),(128,38,3),
(129,1,1),(129,1,3),(129,1,4),(129,2,3),(129,2,4),(129,6,-3),(129,11,4),(129,41,3),
(130,1,1),(130,1,3),(130,1,4),(130,2,3),(130,2,4),(130,2,5),(130,32,1),
(131,1,1),(131,1,3),(131,1,4),(131,2,3),(131,2,4),(131,2,5),(131,6,0),(131,10,-1),(131,19,1),(131,32,2),
(132,1,1),(132,1,3),(132,1,4),(132,2,3),(132,2,4),(132,2,5),(132,20,1),(132,32,2),
(133,1,1),(133,1,3),(133,1,4),(133,2,1),(133,2,3),(133,2,4),(133,2,5),(133,6,-1),(133,32,2),(133,41,1),
(134,1,1),(134,1,3),(134,1,4),(134,2,1),(134,2,3),(134,2,4),(134,2,5),(134,6,0),(134,10,-2),(134,19,2),(134,32,3),
(135,1,1),(135,1,3),(135,1,4),(135,2,1),(135,2,2),(135,2,3),(135,2,4),(135,2,5),(135,20,2),(135,32,2),(135,38,1),
(136,1,1),(136,1,3),(136,1,4),(136,2,1),(136,2,3),(136,2,4),(136,2,5),(136,6,-2),(136,32,2),(136,41,2),
(137,1,1),(137,1,3),(137,1,4),(137,2,1),(137,2,3),(137,2,4),(137,2,5),(137,6,0),(137,6,2),(137,10,-3),(137,19,3),(137,32,4),
(138,1,1),(138,1,3),(138,1,4),(138,2,1),(138,2,2),(138,2,3),(138,2,4),(138,2,5),(138,20,3),(138,32,3),(138,38,3),
(139,1,1),(139,1,3),(139,1,4),(139,2,1),(139,2,3),(139,2,4),(139,2,5),(139,6,-3),(139,32,3),(139,41,3),
(140,1,1),(140,1,3),(140,1,4),(140,2,1),(140,2,3),(140,2,4),(140,38,1),
(141,1,1),(141,1,3),(141,1,4),(141,2,3),(141,2,4),(141,6,1),(141,19,1),(141,38,2),
(142,1,1),(142,1,3),(142,1,4),(142,2,1),(142,2,3),(142,2,4),(142,6,0),(142,20,1),(142,38,2),
(143,1,1),(143,1,3),(143,1,4),(143,2,3),(143,2,4),(143,8,-1),(143,38,2),(143,41,1),
(144,1,1),(144,1,3),(144,1,4),(144,2,3),(144,2,4),(144,6,1),(144,6,1),(144,10,-1),(144,19,2),(144,38,3),
(145,1,1),(145,1,3),(145,1,4),(145,2,1),(145,2,3),(145,2,4),(145,6,0),(145,19,1),(145,20,1),(145,38,3),
(146,1,1),(146,1,3),(146,1,4),(146,2,1),(146,2,3),(146,2,4),(146,8,-1),(146,20,1),(146,38,3),(146,41,1),
(147,1,1),(147,1,3),(147,1,4),(147,2,3),(147,2,4),(147,8,-2),(147,18,1),(147,20,1),(147,30,1),(147,38,3),(147,41,1),
(148,1,1),(148,1,3),(148,1,4),(148,2,3),(148,2,4),(148,6,-1),(148,8,-2),(148,35,1),(148,38,3),(148,41,2),(148,49,1),
(149,1,1),(149,1,3),(149,1,4),(149,2,3),(149,2,4),(149,6,2),(149,6,2),(149,10,-2),(149,19,3),(149,38,4),
(150,1,1),(150,1,3),(150,1,4),(150,2,1),(150,2,3),(150,2,4),(150,6,0),(150,6,1),(150,19,2),(150,20,2),(150,38,4),
(151,1,1),(151,1,3),(151,1,4),(151,2,1),(151,2,3),(151,2,4),(151,8,-2),(151,20,2),(151,38,4),(151,41,2),
(152,1,1),(152,1,3),(152,1,4),(152,2,3),(152,2,4),(152,8,-2),(152,18,2),(152,20,2),(152,30,2),(152,38,4),(152,41,2),
(153,1,1),(153,1,3),(153,1,4),(153,2,3),(153,2,4),(153,8,-3),(153,8,1),(153,31,1),(153,35,1),(153,41,3),(153,43,1),(153,49,1),
(154,1,1),(154,1,3),(154,1,4),(154,2,1),(154,2,3),(154,2,4),(154,6,0),
(155,1,1),(155,1,3),(155,1,4),(155,2,1),(155,2,3),(155,2,4),(155,6,0),(155,51,1),
(156,1,1),(156,1,3),(156,1,4),(156,2,1),(156,2,3),(156,2,4),(156,6,0),(156,6,1),
(157,1,1),(157,1,3),(157,1,4),(157,2,3),(157,2,4),(157,38,1),(157,51,1),
(158,1,1),(158,1,3),(158,1,4),(158,2,1),(158,2,2),(158,2,3),(158,2,4),(158,6,0),(158,6,1),(158,32,1),
(159,1,1),(159,1,3),(159,1,4),(159,2,1),(159,2,3),(159,2,4),(159,38,2),(159,51,2),
(160,1,1),(160,1,3),(160,1,4),(160,2,3),(160,2,4),(160,6,0),(160,6,2),(160,32,2),
(161,1,1),(161,1,3),(161,1,4),(161,2,1),(161,2,3),(161,2,4),(161,10,1),(161,18,-1),(161,44,1),
(162,1,1),(162,1,3),(162,1,4),(162,2,1),(162,2,3),(162,2,4),(162,6,0),(162,10,2),(162,18,-2),(162,19,1),(162,44,2),
(163,1,1),(163,1,3),(163,1,4),(163,2,1),(163,2,3),(163,2,4),(163,6,-1),(163,10,2),(163,18,-2),(163,41,1),(163,44,2),
(164,1,1),(164,1,3),(164,1,4),(164,2,1),(164,2,3),(164,2,4),(164,6,0),(164,10,3),(164,10,-1),(164,18,-3),(164,19,2),(164,44,3),
(165,1,1),(165,1,3),(165,1,4),(165,2,1),(165,2,3),(165,2,4),(165,6,-1),(165,10,3),(165,18,-3),(165,41,2),(165,44,3),(165,49,1),
(166,1,1),(166,1,3),(166,1,4),(166,2,1),(166,2,3),(166,2,4),(166,6,0),(166,6,1),(166,10,4),(166,10,-2),(166,18,-4),(166,19,3),(166,44,4),
(167,1,1),(167,1,3),(167,1,4),(167,2,1),(167,2,3),(167,2,4),(167,6,-2),(167,8,-1),(167,10,4),(167,18,-4),(167,41,3),(167,44,4),(167,49,2),
(168,1,1),(168,1,3),(168,1,4),(168,2,3),(168,2,4),(168,22,1),
(169,1,1),(169,1,3),(169,1,4),(169,2,1),(169,2,3),(169,2,4),(169,19,1),(169,22,2),(169,29,1),
(170,1,1),(170,1,3),(170,1,4),(170,2,3),(170,2,4),(170,20,1),(170,22,2),(170,50,1),
(171,1,1),(171,1,3),(171,1,4),(171,2,3),(171,2,4),(171,7,0),(171,22,2),(171,41,1),
(172,1,1),(172,1,3),(172,1,4),(172,2,3),(172,2,4),(172,10,-1),(172,19,2),(172,22,3),
(173,1,1),(173,1,3),(173,1,4),(173,2,3),(173,2,4),(173,6,1),(173,20,2),(173,22,3),
(174,1,1),(174,1,3),(174,1,4),(174,2,1),(174,2,3),(174,2,4),(174,8,1),(174,22,3),(174,41,2),
(175,1,1),(175,1,3),(175,1,4),(175,2,3),(175,2,4),(175,6,2),(175,10,-2),(175,19,3),(175,22,4),
(176,1,1),(176,1,3),(176,1,4),(176,2,3),(176,2,4),(176,6,0),(176,6,2),(176,20,3),(176,22,4),
(177,1,1),(177,1,3),(177,1,4),(177,2,1),(177,2,3),(177,2,4),(177,8,-2),(177,8,2),(177,22,4),(177,41,3),
(178,1,1),(178,1,3),(178,1,4),(178,2,3),(178,2,4),(178,6,-1),(178,7,6),(178,45,1),
(179,1,1),(179,1,3),(179,1,4),(179,2,3),(179,2,4),(179,6,-2),(179,7,6),(179,7,0),(179,10,-1),(179,19,1),(179,27,1),(179,45,2),
(180,1,1),(180,1,3),(180,1,4),(180,2,3),(180,2,4),(180,6,-2),(180,7,6),(180,7,0),(180,10,-2),(180,41,1),(180,45,2),(180,51,1),
(181,1,1),(181,1,3),(181,1,4),(181,2,3),(181,2,4),(181,6,-3),(181,7,6),(181,10,-2),(181,19,2),(181,27,2),(181,45,3),
(182,1,1),(182,1,3),(182,1,4),(182,2,3),(182,2,4),(182,6,-3),(182,7,6),(182,10,-2),(182,41,2),(182,45,3),(182,51,2),
(183,1,1),(183,1,3),(183,1,4),(183,2,3),(183,2,4),(183,6,-4),(183,7,6),(183,10,-4),(183,10,-2),(183,19,3),(183,27,3),(183,45,4),
(184,1,1),(184,1,3),(184,1,4),(184,2,3),(184,2,4),(184,6,-2),(184,6,-4),(184,7,6),(184,10,-4),(184,41,3),(184,45,4),(184,51,2),
(185,1,1),(185,1,3),(185,1,4),(185,2,1),(185,2,3),(185,2,4),(185,48,1),
(186,1,1),(186,1,3),(186,1,4),(186,2,3),(186,2,4),(186,19,1),(186,48,2),(186,51,1),
(187,1,1),(187,1,3),(187,1,4),(187,2,1),(187,2,3),(187,2,4),(187,36,1),(187,41,1),(187,48,2),
(188,1,1),(188,1,3),(188,1,4),(188,2,3),(188,2,4),(188,6,0),(188,19,2),(188,48,3),(188,51,2),
(189,1,1),(189,1,3),(189,1,4),(189,2,1),(189,2,3),(189,2,4),(189,7,6),(189,36,2),(189,41,2),(189,48,3),
(190,1,1),(190,1,3),(190,1,4),(190,2,3),(190,2,4),(190,6,0),(190,19,3),(190,48,4),(190,51,3),
(191,1,1),(191,1,3),(191,1,4),(191,2,1),(191,2,3),(191,2,4),(191,7,6),(191,31,1),(191,36,3),(191,41,3),(191,43,1),(191,48,4),
(192,1,1),(192,1,3),(192,1,4),(192,2,3),(192,2,4),(192,51,1),
(193,1,1),(193,1,3),(193,1,4),(193,2,3),(193,2,4),(193,19,1),(193,38,1),(193,51,2),
(194,1,1),(194,1,3),(194,1,4),(194,2,3),(194,2,4),(194,11,1),(194,41,1),(194,51,2),
(195,1,1),(195,1,3),(195,1,4),(195,2,3),(195,2,4),(195,19,2),(195,37,1),(195,38,2),(195,51,3),
(196,1,1),(196,1,3),(196,1,4),(196,2,3),(196,2,4),(196,8,-1),(196,11,2),(196,41,2),(196,51,3),
(197,1,1),(197,1,3),(197,1,4),(197,2,3),(197,2,4),(197,10,-1),(197,19,3),(197,37,2),(197,38,3),(197,51,4),
(198,1,1),(198,1,3),(198,1,4),(198,2,3),(198,2,4),(198,6,-1),(198,8,-1),(198,11,2),(198,31,1),(198,38,2),(198,41,3),
(199,1,1),(199,1,3),(199,1,4),(199,2,3),(199,2,4),(199,51,1),
(200,1,1),(200,1,3),(200,1,4),(200,2,3),(200,2,4),(200,6,0),(200,19,1),(200,51,2),
(201,1,1),(201,1,3),(201,1,4),(201,2,3),(201,2,4),(201,6,0),(201,20,1),(201,51,2),
(202,1,1),(202,1,3),(202,1,4),(202,2,3),(202,2,4),(202,6,0),(202,31,1),(202,41,1),
(203,1,1),(203,1,3),(203,1,4),(203,2,3),(203,2,4),(203,6,0),(203,10,-1),(203,19,2),(203,51,3),
(204,1,1),(204,1,3),(204,1,4),(204,2,3),(204,2,4),(204,6,0),(204,7,0),(204,20,2),(204,51,3),
(205,1,1),(205,1,3),(205,1,4),(205,2,3),(205,2,4),(205,6,1),(205,18,1),(205,20,1),(205,30,1),(205,31,1),(205,41,1),
(206,1,1),(206,1,3),(206,1,4),(206,2,3),(206,2,4),(206,6,-1),(206,8,1),(206,31,3),(206,41,2),(206,43,1),
(207,1,1),(207,1,3),(207,1,4),(207,2,3),(207,2,4),(207,6,0),(207,10,-2),(207,19,3),(207,51,4),
(208,1,1),(208,1,3),(208,1,4),(208,2,3),(208,2,4),(208,6,0),(208,6,2),(208,7,0),(208,20,3),(208,51,4),
(209,1,1),(209,1,3),(209,1,4),(209,2,3),(209,2,4),(209,6,0),(209,6,2),(209,18,2),(209,20,2),(209,30,2),(209,31,2),(209,41,2),
(210,1,1),(210,1,3),(210,1,4),(210,2,3),(210,2,4),(210,6,-2),(210,8,-1),(210,8,1),(210,31,3),(210,35,1),(210,41,3),(210,43,1),(210,49,1),
(211,1,1),(211,1,3),(211,1,4),(211,2,3),(211,2,4),(211,51,1),
(212,1,1),(212,1,3),(212,1,4),(212,2,3),(212,2,4),(212,6,1),(212,10,-1),(212,51,2),
(213,1,1),(213,1,3),(213,1,4),(213,2,3),(213,2,4),(213,6,0),(213,6,-1),(213,51,2),
(214,1,1),(214,1,3),(214,1,4),(214,2,3),(214,2,4),(214,6,-1),(214,10,1),(214,51,2),
(215,1,1),(215,1,3),(215,1,4),(215,2,3),(215,2,4),(215,6,2),(215,6,1),(215,10,-2),(215,51,3),
(216,1,1),(216,1,3),(216,1,4),(216,2,3),(216,2,4),(216,6,0),(216,6,-1),(216,51,3),
(217,1,1),(217,1,3),(217,1,4),(217,2,3),(217,2,4),(217,6,-2),(217,6,0),(217,10,2),(217,51,3),
(218,1,1),(218,1,3),(218,1,4),(218,2,3),(218,2,4),(218,6,3),(218,6,2),(218,10,-3),(218,51,4),
(219,1,1),(219,1,3),(219,1,4),(219,2,3),(219,2,4),(219,6,0),(219,51,4),
(220,1,1),(220,1,3),(220,1,4),(220,2,3),(220,2,4),(220,6,-2),(220,6,0),(220,10,2),(220,51,4),
(221,1,1),(221,1,3),(221,1,4),(221,2,3),(221,2,4),(221,7,0),(221,23,1),
(222,1,1),(222,1,3),(222,1,4),(222,2,3),(222,2,4),(222,7,0),(222,19,1),(222,23,2),
(223,1,1),(223,1,3),(223,1,4),(223,2,3),(223,2,4),(223,7,0),(223,20,1),(223,23,1),(223,50,1),
(224,1,1),(224,1,3),(224,1,4),(224,2,3),(224,2,4),(224,6,-1),(224,7,0),(224,23,1),(224,41,1),
(225,1,1),(225,1,3),(225,1,4),(225,2,3),(225,2,4),(225,7,0),(225,19,2),(225,23,3),
(226,1,1),(226,1,3),(226,1,4),(226,2,3),(226,2,4),(226,7,0),(226,20,2),(226,23,1),(226,50,2),
(227,1,1),(227,1,3),(227,1,4),(227,2,3),(227,2,4),(227,6,-2),(227,7,0),(227,8,1),(227,23,1),(227,41,2),
(228,1,1),(228,1,3),(228,1,4),(228,2,3),(228,2,4),(228,7,0),(228,19,3),(228,23,4),(228,50,1),
(229,1,1),(229,1,3),(229,1,4),(229,2,1),(229,2,3),(229,2,4),(229,6,0),(229,6,1),(229,7,0),(229,20,3),(229,23,2),(229,50,2),
(230,1,1),(230,1,3),(230,1,4),(230,2,3),(230,2,4),(230,6,-3),(230,7,0),(230,8,2),(230,23,2),(230,31,1),(230,41,3),
(231,1,1),(231,1,3),(231,1,4),(231,2,3),(231,2,4),(231,7,1),(231,7,0),
(232,1,1),(232,1,3),(232,1,4),(232,2,3),(232,2,4),(232,7,6),(232,7,1),(232,7,0),(232,19,1),
(233,1,1),(233,1,3),(233,1,4),(233,2,3),(233,2,4),(233,7,6),(233,7,1),(233,7,0),(233,20,1),
(234,1,1),(234,1,3),(234,1,4),(234,2,1),(234,2,3),(234,2,4),(234,6,-1),(234,7,6),(234,7,2),(234,7,0),(234,35,1),(234,41,1),(234,49,1),
(235,1,1),(235,1,3),(235,1,4),(235,2,3),(235,2,4),(235,7,6),(235,7,2),(235,7,0),(235,19,2),(235,27,1),
(236,1,1),(236,1,3),(236,1,4),(236,2,3),(236,2,4),(236,7,6),(236,7,2),(236,7,0),(236,20,2),
(237,1,1),(237,1,3),(237,1,4),(237,2,1),(237,2,3),(237,2,4),(237,6,-1),(237,6,-2),(237,7,6),(237,7,3),(237,7,0),(237,35,2),(237,41,2),(237,49,2),
(238,1,1),(238,1,3),(238,1,4),(238,2,3),(238,2,4),(238,7,6),(238,7,2),(238,7,0),(238,19,3),
(239,1,1),(239,1,3),(239,1,4),(239,2,3),(239,2,4),(239,7,6),(239,7,2),(239,7,0),(239,20,3),
(240,1,1),(240,1,3),(240,1,4),(240,2,1),(240,2,3),(240,2,4),(240,6,-3),(240,6,-3),(240,7,3),(240,7,0),(240,35,3),(240,41,3),(240,49,3),
(241,1,1),(241,1,3),(241,1,4),(241,2,3),(241,2,4),(241,7,1),(241,7,0),
(242,1,1),(242,1,3),(242,1,4),(242,2,3),(242,2,4),(242,7,1),(242,7,0),(242,11,-1),(242,19,1),(242,37,1),
(243,1,1),(243,1,3),(243,1,4),(243,2,3),(243,2,4),(243,7,2),(243,7,0),(243,11,-1),(243,41,1),(243,49,1),
(244,1,1),(244,1,3),(244,1,4),(244,2,3),(244,2,4),(244,7,1),(244,7,0),(244,10,-1),(244,11,-2),(244,19,2),(244,37,2),
(245,1,1),(245,1,3),(245,1,4),(245,2,3),(245,2,4),(245,6,-1),(245,7,2),(245,7,0),(245,10,1),(245,11,-2),(245,41,2),(245,43,1),(245,49,2),
(246,1,1),(246,1,3),(246,1,4),(246,2,3),(246,2,4),(246,6,0),(246,7,1),(246,7,0),(246,10,-2),(246,11,-3),(246,19,3),(246,37,3),
(247,1,1),(247,1,3),(247,1,4),(247,2,3),(247,2,4),(247,6,-2),(247,7,3),(247,7,0),(247,10,2),(247,11,-3),(247,41,3),(247,43,3),(247,49,3),
(248,1,1),(248,1,3),(248,1,4),(248,2,1),(248,2,3),(248,2,4),(248,6,1),(248,11,-1),(248,40,1),
(249,1,1),(249,1,3),(249,1,4),(249,2,3),(249,2,4),(249,6,0),(249,6,2),(249,11,-2),(249,19,1),(249,40,2),
(250,1,1),(250,1,3),(250,1,4),(250,2,3),(250,2,4),(250,6,-1),(250,11,-1),(250,34,2),(250,40,1),(250,41,1),(250,44,1),
(251,1,1),(251,1,3),(251,1,4),(251,2,1),(251,2,3),(251,2,4),(251,6,0),(251,6,3),(251,10,-1),(251,11,-1),(251,19,2),(251,40,3),
(252,1,1),(252,1,3),(252,1,4),(252,2,3),(252,2,4),(252,6,-1),(252,11,-1),(252,34,3),(252,40,1),(252,41,2),(252,44,2),
(253,1,1),(253,1,3),(253,1,4),(253,2,1),(253,2,3),(253,2,4),(253,6,0),(253,6,4),(253,10,-3),(253,11,-2),(253,19,3),(253,40,4),
(254,1,1),(254,1,3),(254,1,4),(254,2,3),(254,2,4),(254,6,-3),(254,11,-2),(254,34,4),(254,40,1),(254,41,3),(254,44,2),
(255,1,1),(255,1,3),(255,1,4),(255,2,3),(255,2,4),(255,7,1),(255,28,1),
(256,1,1),(256,1,3),(256,1,4),(256,2,3),(256,2,4),(256,7,2),(256,10,-1),(256,19,1),(256,28,2),
(257,1,1),(257,1,3),(257,1,4),(257,2,3),(257,2,4),(257,6,-2),(257,7,2),(257,10,1),(257,28,1),(257,41,1),(257,44,1),(257,45,1),(257,49,1),
(258,1,1),(258,1,3),(258,1,4),(258,2,3),(258,2,4),(258,6,-1),(258,7,2),(258,10,-2),(258,19,2),(258,28,3),
(259,1,1),(259,1,3),(259,1,4),(259,2,3),(259,2,4),(259,6,-2),(259,7,2),(259,10,2),(259,28,1),(259,31,1),(259,41,2),(259,44,2),(259,45,1),(259,49,2),
(260,1,1),(260,1,3),(260,1,4),(260,2,3),(260,2,4),(260,6,-1),(260,6,0),(260,7,2),(260,10,-3),(260,19,3),(260,28,4),
(261,1,1),(261,1,3),(261,1,4),(261,2,3),(261,2,4),(261,7,2),(261,10,1),(261,18,-1),(261,28,1),(261,31,2),(261,41,3),(261,44,3),(261,45,2),(261,49,2),
(262,1,1),(262,1,3),(262,1,4),(262,2,3),(262,2,4),(262,7,1),(262,11,-1),(262,37,1),
(263,1,1),(263,1,3),(263,1,4),(263,2,1),(263,2,3),(263,2,4),(263,7,2),(263,11,-1),(263,19,1),(263,28,1),(263,37,2),
(264,1,1),(264,1,3),(264,1,4),(264,2,3),(264,2,4),(264,7,2),(264,7,0),(264,11,-1),(264,20,1),(264,37,2),
(265,1,1),(265,1,3),(265,1,4),(265,2,3),(265,2,4),(265,7,2),(265,11,-1),(265,37,2),(265,41,1),(265,44,1),(265,49,1),
(266,1,1),(266,1,3),(266,1,4),(266,2,1),(266,2,3),(266,2,4),(266,7,3),(266,11,-2),(266,19,2),(266,28,2),(266,37,3),
(267,1,1),(267,1,3),(267,1,4),(267,2,3),(267,2,4),(267,7,3),(267,7,0),(267,11,-3),(267,20,2),(267,37,3),
(268,1,1),(268,1,3),(268,1,4),(268,2,3),(268,2,4),(268,6,1),(268,7,3),(268,11,-3),(268,18,2),(268,20,1),(268,30,1),(268,37,3),(268,41,1),(268,49,1),
(269,1,1),(269,1,3),(269,1,4),(269,2,3),(269,2,4),(269,6,-1),(269,7,3),(269,8,-1),(269,11,-2),(269,37,3),(269,41,2),(269,43,1),(269,49,2),
(270,1,1),(270,1,3),(270,1,4),(270,2,1),(270,2,3),(270,2,4),(270,7,4),(270,11,-2),(270,19,3),(270,28,3),(270,37,4),
(271,1,1),(271,1,3),(271,1,4),(271,2,3),(271,2,4),(271,7,4),(271,7,0),(271,11,-2),(271,20,3),(271,37,4),(271,44,1),
(272,1,1),(272,1,3),(272,1,4),(272,2,3),(272,2,4),(272,6,2),(272,7,4),(272,11,-2),(272,18,3),(272,20,2),(272,30,2),(272,37,4),(272,41,2),(272,49,2),
(273,1,1),(273,1,3),(273,1,4),(273,2,3),(273,2,4),(273,6,-2),(273,7,4),(273,8,-1),(273,8,1),(273,11,-2),(273,31,1),(273,35,1),(273,37,4),(273,41,3),(273,43,1),(273,49,3),
(274,1,1),(274,1,3),(274,1,4),(274,2,1),(274,2,3),(274,2,4),(274,11,-1),
(275,1,1),(275,1,3),(275,1,4),(275,2,1),(275,2,3),(275,2,4),(275,10,-1),(275,11,-2),(275,19,1),(275,37,1),
(276,1,1),(276,1,3),(276,1,4),(276,2,1),(276,2,3),(276,2,4),(276,11,-2),(276,20,1),(276,28,1),(276,37,1),
(277,1,1),(277,1,3),(277,1,4),(277,2,1),(277,2,3),(277,2,4),(277,11,-2),(277,41,1),(277,49,1),
(278,1,1),(278,1,3),(278,1,4),(278,2,1),(278,2,3),(278,2,4),(278,10,-2),(278,11,-3),(278,19,2),(278,37,2),
(279,1,1),(279,1,3),(279,1,4),(279,2,1),(279,2,3),(279,2,4),(279,11,-3),(279,20,2),(279,28,1),(279,29,1),(279,37,1),
(280,1,1),(280,1,3),(280,1,4),(280,2,1),(280,2,3),(280,2,4),(280,6,1),(280,8,1),(280,10,1),(280,11,-3),(280,41,2),(280,49,2),
(281,1,1),(281,1,3),(281,1,4),(281,2,1),(281,2,3),(281,2,4),(281,10,-3),(281,11,-4),(281,19,3),(281,28,2),(281,37,2),
(282,1,1),(282,1,3),(282,1,4),(282,2,1),(282,2,3),(282,2,4),(282,7,1),(282,10,1),(282,11,-4),(282,20,3),(282,28,2),(282,29,2),(282,37,2),
(283,1,1),(283,1,3),(283,1,4),(283,2,1),(283,2,3),(283,2,4),(283,6,-2),(283,7,1),(283,8,2),(283,10,1),(283,41,3),(283,49,3),
(284,1,1),(284,1,3),(284,1,4),(284,2,3),(284,2,4),(284,10,-1),(284,47,1),
(285,1,1),(285,1,3),(285,1,4),(285,2,3),(285,2,4),(285,6,1),(285,10,-2),(285,10,-1),(285,19,1),(285,47,2),
(286,1,1),(286,1,3),(286,1,4),(286,2,3),(286,2,4),(286,7,6),(286,10,-2),(286,20,1),(286,47,2),
(287,1,1),(287,1,3),(287,1,4),(287,2,3),(287,2,4),(287,10,-2),(287,29,1),(287,41,1),(287,47,2),
(288,1,1),(288,1,3),(288,1,4),(288,2,3),(288,2,4),(288,6,2),(288,10,-3),(288,10,-2),(288,19,2),(288,47,3),
(289,1,1),(289,1,3),(289,1,4),(289,2,3),(289,2,4),(289,7,6),(289,10,-3),(289,20,2),(289,47,3),
(290,1,1),(290,1,3),(290,1,4),(290,2,3),(290,2,4),(290,6,-2),(290,8,1),(290,10,-3),(290,29,1),(290,41,2),(290,47,3),
(291,1,1),(291,1,3),(291,1,4),(291,2,3),(291,2,4),(291,6,3),(291,6,1),(291,10,-4),(291,10,-3),(291,19,3),(291,47,4),
(292,1,1),(292,1,3),(292,1,4),(292,2,3),(292,2,4),(292,6,2),(292,7,6),(292,10,-4),(292,20,3),(292,47,4),
(293,1,1),(293,1,3),(293,1,4),(293,2,3),(293,2,4),(293,6,-2),(293,8,2),(293,10,-4),(293,29,2),(293,35,2),(293,41,3),(293,47,4),
(294,1,1),(294,1,3),(294,1,4),(294,2,3),(294,2,4),(294,22,1),
(295,1,1),(295,1,3),(295,1,4),(295,2,3),(295,2,4),(295,6,0),(295,6,-1),(295,19,1),(295,22,2),
(296,1,1),(296,1,3),(296,1,4),(296,2,3),(296,2,4),(296,20,1),(296,22,2),(296,29,1),(296,38,1),
(297,1,1),(297,1,3),(297,1,4),(297,2,3),(297,2,4),(297,6,-1),(297,6,-1),(297,8,1),(297,22,2),(297,29,1),(297,41,1),
(298,1,1),(298,1,3),(298,1,4),(298,2,3),(298,2,4),(298,6,0),(298,6,-1),(298,10,-1),(298,19,2),(298,22,3),(298,29,1),
(299,1,1),(299,1,3),(299,1,4),(299,2,3),(299,2,4),(299,2,5),(299,20,2),(299,22,3),(299,29,1),(299,38,2),
(300,1,1),(300,1,3),(300,1,4),(300,2,3),(300,2,4),(300,6,-1),(300,8,2),(300,22,3),(300,29,1),(300,41,2),(300,43,1),
(301,1,1),(301,1,3),(301,1,4),(301,2,3),(301,2,4),(301,6,0),(301,10,-2),(301,19,3),(301,22,4),(301,37,1),
(302,1,1),(302,1,3),(302,1,4),(302,2,3),(302,2,4),(302,2,5),(302,20,3),(302,22,4),(302,29,2),(302,38,3),
(303,1,1),(303,1,3),(303,1,4),(303,2,3),(303,2,4),(303,6,-3),(303,8,3),(303,22,4),(303,29,2),(303,41,3),(303,43,2),
(304,1,1),(304,1,3),(304,1,4),(304,2,3),(304,2,4),(304,7,-1),(304,29,1),(304,50,1),
(305,1,1),(305,1,3),(305,1,4),(305,2,3),(305,2,4),(305,7,-1),(305,19,1),(305,29,1),(305,47,1),(305,50,2),
(306,1,1),(306,1,3),(306,1,4),(306,2,3),(306,2,4),(306,7,-1),(306,8,1),(306,29,1),(306,41,1),(306,50,2),
(307,1,1),(307,1,3),(307,1,4),(307,2,1),(307,2,3),(307,2,4),(307,7,-1),(307,10,-1),(307,19,2),(307,29,1),(307,47,1),(307,50,3),
(308,1,1),(308,1,3),(308,1,4),(308,2,3),(308,2,4),(308,6,-1),(308,6,-1),(308,7,-2),(308,8,-1),(308,8,2),(308,29,1),(308,41,2),(308,50,3),
(309,1,1),(309,1,3),(309,1,4),(309,2,1),(309,2,3),(309,2,4),(309,7,-1),(309,10,-1),(309,10,-2),(309,19,3),(309,29,1),(309,47,2),(309,50,4),
(310,1,1),(310,1,3),(310,1,4),(310,2,3),(310,2,4),(310,6,-2),(310,6,-2),(310,7,2),(310,8,-2),(310,8,3),(310,29,2),(310,41,3),(310,50,4),
(311,1,1),(311,1,3),(311,1,4),(311,2,1),(311,2,3),(311,2,4),(311,33,1),
(312,1,1),(312,1,3),(312,1,4),(312,2,1),(312,2,2),(312,2,3),(312,2,4),(312,19,1),(312,29,1),(312,33,1),
(313,1,1),(313,1,3),(313,1,4),(313,2,1),(313,2,3),(313,2,4),(313,6,0),(313,20,1),(313,33,1),
(314,1,1),(314,1,3),(314,1,4),(314,2,1),(314,2,3),(314,2,4),(314,7,6),(314,33,1),(314,41,1),
(315,1,1),(315,1,3),(315,1,4),(315,2,1),(315,2,2),(315,2,3),(315,2,4),(315,19,2),(315,29,2),(315,33,2),
(316,1,1),(316,1,3),(316,1,4),(316,2,1),(316,2,3),(316,2,4),(316,6,0),(316,20,2),(316,33,2),
(317,1,1),(317,1,3),(317,1,4),(317,2,1),(317,2,3),(317,2,4),(317,6,-1),(317,7,6),(317,10,1),(317,31,1),(317,33,2),(317,41,2),(317,43,1),
(318,1,1),(318,1,3),(318,1,4),(318,2,1),(318,2,3),(318,2,4),(318,10,-1),(318,19,3),(318,29,3),(318,33,3),
(319,1,1),(319,1,3),(319,1,4),(319,2,1),(319,2,3),(319,2,4),(319,6,0),(319,10,-2),(319,20,3),(319,33,3),
(320,1,1),(320,1,3),(320,1,4),(320,2,1),(320,2,3),(320,2,4),(320,6,-1),(320,7,6),(320,10,2),(320,31,2),(320,33,3),(320,41,3),(320,43,2),
(321,1,1),(321,1,3),(321,1,4),(321,2,1),(321,2,3),(321,2,4),(321,47,1),
(322,1,1),(322,1,3),(322,1,4),(322,2,1),(322,2,3),(322,2,4),(322,19,1),(322,29,1),(322,47,2),
(323,1,1),(323,1,3),(323,1,4),(323,2,1),(323,2,3),(323,2,4),(323,6,-1),(323,41,1),(323,47,2),
(324,1,1),(324,1,3),(324,1,4),(324,2,1),(324,2,3),(324,2,4),(324,19,2),(324,29,2),(324,47,3),
(325,1,1),(325,1,3),(325,1,4),(325,2,1),(325,2,3),(325,2,4),(325,6,-2),(325,41,2),(325,47,3),
(326,1,1),(326,1,3),(326,1,4),(326,2,1),(326,2,3),(326,2,4),(326,19,3),(326,29,3),(326,47,4),
(327,1,1),(327,1,3),(327,1,4),(327,2,1),(327,2,3),(327,2,4),(327,6,-3),(327,41,3),(327,47,4),
(328,1,1),(328,1,3),(328,1,4),(328,2,3),(328,2,4),(328,7,-1),(328,29,1),
(329,1,1),(329,1,3),(329,1,4),(329,2,3),(329,2,4),(329,7,-2),(329,10,-1),(329,19,1),(329,29,2),(329,47,1),
(330,1,1),(330,1,3),(330,1,4),(330,2,1),(330,2,3),(330,2,4),(330,7,-2),(330,7,0),(330,20,1),(330,29,1),(330,47,1),
(331,1,1),(331,1,3),(331,1,4),(331,2,3),(331,2,4),(331,7,-2),(331,8,1),(331,29,2),(331,41,1),(331,47,1),
(332,1,1),(332,1,3),(332,1,4),(332,2,3),(332,2,4),(332,6,0),(332,7,-3),(332,10,-1),(332,19,2),(332,29,3),(332,47,2),
(333,1,1),(333,1,3),(333,1,4),(333,2,1),(333,2,3),(333,2,4),(333,7,-3),(333,7,0),(333,20,2),(333,29,3),(333,47,2),
(334,1,1),(334,1,3),(334,1,4),(334,2,3),(334,2,4),(334,6,1),(334,7,-3),(334,8,1),(334,18,1),(334,20,1),(334,29,3),(334,30,1),(334,41,1),(334,47,1),
(335,1,1),(335,1,3),(335,1,4),(335,2,3),(335,2,4),(335,7,-3),(335,8,2),(335,29,3),(335,31,1),(335,35,1),(335,41,2),(335,47,2),
(336,1,1),(336,1,3),(336,1,4),(336,2,3),(336,2,4),(336,6,0),(336,7,-4),(336,10,-2),(336,19,3),(336,29,4),(336,47,3),
(337,1,1),(337,1,3),(337,1,4),(337,2,3),(337,2,4),(337,7,-4),(337,7,0),(337,10,-2),(337,20,3),(337,29,4),(337,47,3),
(338,1,1),(338,1,3),(338,1,4),(338,2,3),(338,2,4),(338,6,2),(338,7,-4),(338,8,3),(338,18,2),(338,20,2),(338,29,4),(338,30,2),(338,41,2),(338,47,3),
(339,1,1),(339,1,3),(339,1,4),(339,2,3),(339,2,4),(339,6,-2),(339,7,-4),(339,8,-1),(339,8,3),(339,29,4),(339,31,1),(339,35,1),(339,41,3),(339,43,1),(339,47,3),(339,49,1),
