	(1,1,1),(1,4,1),(1,11,1),(1,12,1),(1,15,1),(1,20,1),(1,56,1),
    (2,1,1),(2,5,1),(2,11,1),(2,12,1),(2,16,2),(2,17,1),(2,20,2),(2,56,2),
    (3,1,1),(3,5,1),(3,11,1),(3,15,1),(3,19,1),(3,20,1),(3,49,1),(3,56,1),
    (4,1,1),(4,5,1),(4,11,1),(4,15,1),(4,19,1),(4,20,1),(4,49,1),(4,56,1),
    (5,1,1),(5,6,1),(5,11,1),(5,12,2),(5,20,3),(5,17,2),(5,56,3),(5,57,1),(5,58,-1),
    (6,1,1),(6,6,1),(6,11,1),(6,12,1),(6,16,2),(6,20,3),(6,18,2),(6,59,2),(6,56,3),
    (7,1,1),(7,6,1),(7,11,1),(7,15,1),(7,20,1),(7,18,1),(7,19,1),(7,47,1),(7,56,1),(7,61,1),
    (8,1,1),(8,6,1),(8,11,1),(8,15,1),(8,19,2),(8,20,1),(8,49,2),(8,51,1),(8,54,1),(8,56,1),(8,58,1),
    (9,1,1),(9,7,1),(9,11,1),(9,15,1),(9,17,3),(9,20,4),(9,55,-2),(9,56,4),(9,57,2),(9,58,-2),
    (10,1,1),(10,7,1),(10,11,1),(10,16,2),(10,18,3),(10,20,4),(10,56,4),(10,59,3),
    (11,1,1),(11,7,1),(11,11,1),(11,15,1),(11,18,2),(11,19,2),(11,20,2),(11,47,2),(11,56,2),(11,61,2),
    (12,1,1),(12,7,1),(12,19,3),(12,20,2),(12,49,3),(12,50,1),(12,51,1),(12,52,1),(12,53,1),(12,54,1),(12,55,-1),(12,56,2),(12,57,-1),(12,58,2),
    (13,2,1),(13,4,1),(13,11,1),(13,16,1),(13,56,1),
    (14,1,1),(14,5,1),(14,10,5),(14,16,2),(14,17,1),(14,56,2),(14,57,1),
    (15,2,1),(15,5,1),(15,11,1),(15,16,2),(15,18,1),(15,56,2),
    (16,2,1),(16,5,1),(16,10,5),(16,15,1),(16,19,1),(16,56,2),
    (17,1,1),(17,6,1),(17,10,5),(17,16,3),(17,17,2),(17,56,3),(17,57,2),(17,58,-1),
    (18,2,1),(18,6,1),(18,11,1),(18,16,3),(18,18,2),(18,55,-1),(18,56,3),
    (19,2,1),(19,6,1),(19,10,5),(19,15,1),(19,19,2),(19,56,3),(19,57,-1),(19,58,1),
    (20,1,1),(20,7,1),(20,10,5),(20,16,4),(20,17,3),(20,55,-1),(20,56,4),(20,57,3),(20,58,-2),
    (21,2,1),(21,7,1),(21,11,1),(21,16,5),(21,18,3),(21,55,-2),(21,56,4),(21,59,-1),
    (22,2,1),(22,7,1),(22,10,5),(22,15,1),(22,19,3),(22,55,-1),(22,56,4),(22,57,-2),(22,58,2),
    (23,1,1),(23,4,1),(23,10,2),(23,16,2),(23,57,1),(23,58,-1),
    (24,1,1),(24,5,1),(24,10,2),(24,16,3),(24,17,1),(24,57,2),
    (25,1,1),(25,5,1),(25,10,2),(25,14,1),(25,18,1),(25,59,1),
    (26,1,1),(26,5,1),(26,10,2),(26,16,3),(26,19,1),(26,39,1),(26,60,1),
    (27,1,1),(27,6,1),(27,10,1),(27,16,5),(27,17,2),(27,57,3),(27,58,-2),(27,59,-1),
    (28,1,1),(28,6,1),(28,10,2),(28,14,3),(28,18,2),(28,59,2),
    (29,1,1),(29,6,1),(29,10,2),(29,16,5),(29,19,2),(29,39,2),(29,60,2),
    (30,1,1),(30,7,1),(30,10,1),(30,16,5),(30,17,3),(30,57,4),(30,58,-3),
    (31,1,1),(31,7,1),(31,10,2),(31,14,5),(31,18,3),(31,57,1),(31,59,3),
    (32,1,1),(32,7,1),(32,10,1),(32,16,5),(32,19,3),(32,39,3),(32,57,1),(32,60,3),
    (33,1,1),(33,4,1),(33,10,2),(33,16,1),(33,23,1),(33,56,1),
    (34,1,1),(34,5,1),(34,10,2),(34,16,2),(34,17,1),(34,23,2),(34,56,1),
    (35,1,1),(35,5,1),(35,10,2),(35,16,1),(35,18,1),(35,23,2),(35,32,1),(35,56,1),
    (36,1,1),(36,5,1),(36,10,2),(36,16,3),(36,19,1),(36,23,2),(36,56,1),(36,60,1),
    (37,1,1),(37,6,1),(37,10,2),(37,16,3),(37,17,2),(37,23,3),(37,56,2),(37,57,1),(37,59,1),
    (38,1,1),(38,6,1),(38,10,2),(38,16,2),(38,18,2),(38,23,3),(38,32,2),(38,56,2),
    (39,1,1),(39,6,1),(39,10,2),(39,16,5),(39,19,2),(39,23,3),(39,56,2),(39,58,1),(39,59,-1),(39,60,2),
    (40,1,1),(40,7,1),(40,10,2),(40,16,5),(40,17,3),(40,23,4),(40,56,3),(40,57,2),(40,58,2),(40,60,1),
    (41,1,1),(41,7,1),(41,10,2),(41,16,5),(41,18,3),(41,23,4),(41,32,3),(41,56,3),(41,59,1),
    (42,1,1),(42,7,1),(42,10,2),(42,16,5),(42,19,3),(42,23,4),(42,49,1),(42,52,1),(42,56,3),(42,57,-1),(42,58,2),(42,59,-1),(42,60,3),
    (43,1,1),(43,4,1),(43,10,2),(43,16,1),(43,24,1),
    (44,1,1),(44,5,1),(44,10,2),(44,16,2),(44,17,1),(44,24,2),(44,43,1),
    (45,1,1),(45,5,1),(45,10,3),(45,15,1),(45,19,1),(45,24,2),(45,43,1),
    (46,1,1),(46,6,1),(46,10,2),(46,16,3),(46,17,2),(46,24,3),(46,43,2),(46,57,1),
    (47,1,1),(47,6,1),(47,10,3),(47,15,1),(47,19,2),(47,24,3),(47,43,2),(47,58,1),
    (48,1,1),(48,7,1),(48,10,3),(48,16,4),(48,17,3),(48,24,4),(48,43,3),(48,55,1),(48,57,2),(48,61,1),
    (49,1,1),(49,7,1),(49,10,3),(49,15,1),(49,19,3),(49,24,4),(49,43,3),(49,55,1),(49,58,2),
    (50,1,1),(50,4,1),(50,10,3),(50,16,1),(50,55,-1),
    (51,1,1),(51,5,1),(51,10,3),(51,16,3),(51,17,1),(51,24,1),(51,55,-2),
    (52,1,1),(52,5,1),(52,10,4),(52,15,1),(52,19,1),(52,24,1),(52,55,-2),
    (53,1,1),(53,6,1),(53,10,3),(53,16,4),(53,17,2),(53,24,2),(53,55,-3),
    (54,1,1),(54,6,1),(54,10,4),(54,14,1),(54,19,2),(54,24,2),(54,55,-3),
    (55,1,1),(55,7,1),(55,10,1),(55,16,4),(55,17,3),(55,24,3),(55,55,-4),(55,57,2),
    (56,1,1),(56,7,1),(56,10,4),(56,14,2),(56,19,3),(56,24,3),(56,55,-4),(56,58,2),
    (57,2,1),(57,4,1),(57,11,1),(57,15,1),(57,25,1),
    (58,2,1),(58,5,1),(58,11,1),(58,15,1),(58,17,1),(58,25,2),
    (59,2,1),(59,5,1),(59,11,1),(59,15,1),(59,19,1),(59,25,2),
    (60,2,1),(60,6,1),(60,11,1),(60,15,1),(60,17,2),(60,25,3),(60,56,1),
    (61,2,1),(61,6,1),(61,11,1),(61,15,1),(61,19,2),(61,25,3),(61,56,2),
    (62,2,1),(62,7,1),(62,11,1),(62,15,1),(62,17,3),(62,25,4),(62,55,-1),(62,56,2),
    (63,2,1),(63,7,1),(63,11,1),(63,15,1),(63,19,3),(63,25,4),(63,56,3),
    (64,1,1),(64,4,1),(64,9,1),(64,16,1),(64,21,1),
    (65,1,1),(65,5,1),(65,9,1),(65,16,2),(65,17,1),(65,21,2),(65,26,1),(65,56,-1),
    (66,1,1),(66,5,1),(66,9,1),(66,16,2),(66,18,1),(66,21,2),(66,26,1),(66,56,-1),
    (67,1,1),(67,5,1),(67,9,1),(67,16,1),(67,19,1),(67,26,1),(67,50,1),(67,56,-1),
    (68,1,1),(68,6,1),(68,9,1),(68,16,2),(68,17,2),(68,21,3),(68,26,2),(68,56,-2),(68,57,1),
    (69,1,1),(69,6,1),(69,9,1),(69,16,2),(69,18,2),(69,21,3),(69,26,2),(69,42,1),(69,56,-1),
    (70,1,1),(70,6,1),(70,9,1),(70,16,2),(70,18,1),(70,19,1),(70,47,1),(70,50,1),(70,56,-1),(70,60,1),(70,61,1),
    (71,1,1),(71,6,1),(71,9,1),(71,16,2),(71,19,2),(71,50,2),(71,52,1),(71,53,1),(71,56,-2),(71,57,-1),(71,58,1),
    (72,1,1),(72,7,1),(72,9,1),(72,16,5),(72,17,3),(72,21,4),(72,26,3),(72,56,-2),(72,57,2),(72,60,1),
    (73,1,1),(73,7,1),(73,9,1),(73,16,5),(73,18,3),(73,21,4),(73,26,3),(73,56,-2),(73,59,-1),(73,60,1),
    (74,1,1),(74,7,1),(74,9,1),(74,16,3),(74,18,2),(74,19,2),(74,47,2),(74,50,2),(74,56,-2),(74,60,2),(74,61,2),
    (75,1,1),(75,7,1),(75,9,1),(75,16,3),(75,19,3),(75,49,1),(75,50,3),(75,51,1),(75,52,1),(75,53,1),(75,54,1),(75,56,-2),(75,57,-2),(75,58,3),
    (76,1,1),(76,4,1),(76,9,1),(76,16,1),(76,21,1),(76,26,1),
    (77,1,1),(77,5,1),(77,9,1),(77,16,2),(77,17,1),(77,21,1),(77,59,-2),(77,60,2),
    (78,1,1),(78,5,1),(78,9,1),(78,16,1),(78,18,1),(78,21,1),(78,26,2),(78,46,1),
    (79,1,1),(79,5,1),(79,9,1),(79,15,1),(79,19,1),(79,21,1),(79,26,2),(79,61,-1),
    (80,1,1),(80,6,1),(80,9,1),(80,16,3),(80,17,2),(80,21,1),(80,57,1),(80,58,-1),(80,59,-3),(80,60,3),
    (81,1,1),(81,6,1),(81,9,1),(81,16,1),(81,18,2),(81,21,1),(81,26,3),(81,46,2),
    (82,1,1),(82,6,1),(82,9,1),(82,15,1),(82,19,2),(82,21,1),(82,26,3),(82,50,1),(82,51,1),(82,57,-1),(82,58,1),(82,61,-2),
    (83,1,1),(83,7,1),(83,9,1),(83,16,5),(83,17,3),(83,21,1),(83,57,3),(83,58,-3),(83,59,-4),(83,60,4),
    (84,1,1),(84,7,1),(84,9,1),(84,16,1),(84,18,3),(84,21,1),(84,26,4),(84,46,3),
    (85,1,1),(85,7,1),(85,9,1),(85,15,1),(85,19,3),(85,21,1),(85,26,4),(85,50,2),(85,51,2),(85,57,-3),(85,58,2),(85,61,-3),
    (86,2,1),(86,4,1),(86,11,1),(86,15,1),(86,27,1),
    (87,2,1),(87,5,1),(87,11,1),(87,14,1),(87,17,1),(87,27,2),
    (88,2,1),(88,5,1),(88,11,1),(88,14,1),(88,18,1),(88,27,2),
    (89,2,1),(89,5,1),(89,11,1),(89,14,1),(89,19,1),(89,27,2),(89,56,-1),
    (90,2,1),(90,6,1),(90,11,1),(90,14,2),(90,17,2),(90,27,3),(90,57,1),
    (91,2,1),(91,6,1),(91,11,1),(91,14,2),(91,18,2),(91,27,3),(91,60,1),
    (92,2,1),(92,6,1),(92,11,1),(92,14,2),(92,19,2),(92,27,3),(92,56,-2),(92,58,1),
    (93,2,1),(93,7,1),(93,11,1),(93,14,3),(93,17,3),(93,27,4),(93,57,2),(93,59,2),
    (94,2,1),(94,7,1),(94,11,1),(94,14,3),(94,18,3),(94,26,2),(94,27,4),(94,60,2),
    (95,2,1),(95,7,1),(95,11,1),(95,14,3),(95,19,3),(95,27,4),(95,56,-3),(95,58,2),
    (96,1,1),(96,4,1),(96,10,5),(96,16,1),(96,56,-1),
    (97,1,1),(97,5,1),(97,10,3),(97,16,1),(97,17,1),(97,56,-2),(97,59,1),
    (98,1,1),(98,5,1),(98,9,1),(98,16,3),(98,18,1),(98,21,1),(98,35,1),(98,56,-2),(98,61,1),
    (99,1,1),(99,5,1),(99,10,3),(99,16,2),(99,19,1),(99,56,-2),(99,60,-1),
    (100,1,1),(100,6,1),(100,10,3),(100,16,3),(100,17,2),(100,56,-3),(100,57,1),(100,59,1),
    (101,1,1),(101,6,1),(101,9,1),(101,16,3),(101,18,2),(101,21,2),(101,35,1),(101,56,-3),(101,61,2),
    (102,1,1),(102,6,1),(102,10,5),(102,16,3),(102,18,1),(102,19,1),(102,56,-3),(102,60,1),
    (103,1,1),(103,6,1),(103,10,4),(103,16,2),(103,19,2),(103,51,1),(103,56,-3),(103,58,1),(103,60,1),
    (104,1,1),(104,7,1),(104,10,5),(104,16,4),(104,17,3),(104,56,-4),(104,57,3),(104,59,-1),(104,60,2),
    (105,1,1),(105,7,1),(105,9,1),(105,16,2),(105,18,3),(105,21,2),(105,35,2),(105,56,-4),(105,60,1),(105,61,3),
    (106,1,1),(106,7,1),(106,9,1),(106,16,4),(106,18,2),(106,19,2),(106,56,-4),(106,60,2),(106,61,2),
    (107,1,1),(107,7,1),(107,10,4),(107,15,1),(107,19,3),(107,50,2),(107,56,-4),(107,58,2),
    (108,1,1),(108,4,1),(108,9,1),(108,16,1),(108,21,1),(108,26,1),(108,28,1),
    (109,1,1),(109,5,1),(109,9,1),(109,16,2),(109,17,1),(109,21,2),(109,26,1),(109,28,2),
    (110,1,1),(110,5,1),(110,9,1),(110,16,2),(110,18,1),(110,21,2),(110,26,1),(110,28,2),
    (111,1,1),(111,5,1),(111,9,1),(111,16,1),(111,19,1),(111,21,2),(111,26,1),(111,28,2),(111,32,1),
    (112,1,1),(112,6,1),(112,9,1),(112,16,3),(112,17,2),(112,21,2),(112,26,2),(112,28,3),
    (113,1,1),(113,6,1),(113,9,1),(113,16,3),(113,18,2),(113,21,2),(113,26,2),(113,28,3),
    (114,1,1),(114,6,1),(114,9,1),(114,16,3),(114,18,1),(114,19,1),(114,21,2),(114,26,2),(114,28,3),(114,32,1),
    (115,1,1),(115,6,1),(115,9,1),(115,16,3),(115,19,2),(115,21,2),(115,26,2),(115,28,3),(115,32,1),(115,50,1),
    (116,1,1),(116,7,1),(116,9,1),(116,16,5),(116,17,3),(116,21,3),(116,26,2),(116,28,4),(116,57,2),
    (117,1,1),(117,7,1),(117,9,1),(117,16,4),(117,18,3),(117,21,3),(117,26,3),(117,28,4),(117,48,1),
    (118,1,1),(118,7,1),(118,9,1),(118,16,3),(118,18,2),(118,19,2),(118,21,3),(118,26,3),(118,28,4),(118,32,2),
    (119,1,1),(119,7,1),(119,9,1),(119,16,2),(119,19,3),(119,21,3),(119,26,2),(119,28,4),(119,32,2),(119,50,2),(119,58,2),
    (120,1,1),(120,4,1),(120,10,2),(120,14,1),(120,29,1),(120,57,-1),(120,59,1),
    (121,1,1),(121,5,1),(121,10,2),(121,16,2),(121,17,1),(121,29,2),(121,61,-1),
    (122,1,1),(122,5,1),(122,10,2),(122,16,2),(122,18,1),(122,22,1),(122,29,2),
    (123,1,1),(123,5,1),(123,10,2),(123,16,2),(123,19,1),(123,29,2),(123,58,1),
    (124,1,1),(124,6,1),(124,10,2),(124,16,2),(124,17,2),(124,29,3),(124,61,1),
    (125,1,1),(125,6,1),(125,10,2),(125,16,2),(125,18,2),(125,22,2),(125,29,2),
    (126,1,1),(126,6,1),(126,10,2),(126,16,3),(126,19,2),(126,29,3),(126,58,1),
    (127,1,1),(127,7,1),(127,10,2),(127,16,3),(127,17,3),(127,29,4),(127,61,2),
    (128,1,1),(128,7,1),(128,10,3),(128,16,3),(128,18,3),(128,22,3),(128,29,4),
    (129,1,1),(129,7,1),(129,10,2),(129,16,3),(129,19,3),(129,29,4),(129,58,3),
    (130,1,1),(130,4,1),(130,10,4),(130,16,1),(130,26,1),(130,30,1),
    (131,1,1),(131,5,1),(131,10,4),(131,16,2),(131,17,1),(131,26,2),(131,30,2),(131,57,1),(131,59,1),
    (132,1,1),(132,5,1),(132,10,4),(132,16,2),(132,18,1),(132,26,2),(132,30,2),
    (133,1,1),(133,5,1),(133,10,4),(133,16,2),(133,19,1),(133,26,2),(133,30,2),(133,58,1),
    (134,1,1),(134,6,1),(134,10,4),(134,16,5),(134,17,2),(134,26,2),(134,30,3),(134,57,2),(134,59,2),
    (135,1,1),(135,6,1),(135,10,4),(135,16,3),(135,18,2),(135,22,1),(135,26,3),(135,30,2),
    (136,1,1),(136,6,1),(136,10,4),(136,16,2),(136,19,2),(136,26,3),(136,30,2),(136,58,2),
    (137,1,1),(137,7,1),(137,10,4),(137,16,5),(137,17,3),(137,26,3),(137,30,4),(137,57,3),(137,59,-4),(137,60,2),
    (138,1,1),(138,7,1),(138,10,4),(138,16,3),(138,18,3),(138,22,3),(138,26,4),(138,30,3),
    (139,1,1),(139,7,1),(139,10,4),(139,16,2),(139,19,3),(139,26,4),(139,30,3),(139,58,3),
    (140,1,1),(140,4,1),(140,10,3),(140,16,1),(140,22,1),
    (141,1,1),(141,5,1),(141,10,3),(141,16,2),(141,17,1),(141,22,2),(141,60,1),
    (142,1,1),(142,5,1),(142,10,3),(142,16,2),(142,18,1),(142,22,2),(142,59,1),
    (143,1,1),(143,5,1),(143,10,3),(143,15,1),(143,19,1),(143,22,2),(143,51,1),
    (144,1,1),(144,6,1),(144,10,3),(144,16,2),(144,17,2),(144,22,3),(144,57,1),(144,58,-1),(144,60,1),
    (145,1,1),(145,6,1),(145,10,3),(145,16,2),(145,17,1),(145,18,1),(145,22,3),(145,59,2),
    (146,1,1),(146,6,1),(146,10,4),(146,15,1),(146,18,1),(146,19,1),(146,22,3),(146,51,1),
    (147,1,1),(147,6,1),(147,10,3),(147,16,1),(147,18,1),(147,19,1),(147,22,3),(147,47,1),(147,51,2),(147,61,1),
    (148,1,1),(148,6,1),(148,10,4),(148,15,1),(148,19,2),(148,22,3),(148,49,1),(148,51,2),(148,53,1),(148,58,1),
    (149,1,1),(149,7,1),(149,10,3),(149,16,4),(149,17,3),(149,22,4),(149,57,2),(149,58,-2),(149,60,2),
    (150,1,1),(150,7,1),(150,10,3),(150,16,3),(150,17,2),(150,18,2),(150,22,4),(150,59,2),(150,60,1),
    (151,1,1),(151,7,1),(151,10,4),(151,15,1),(151,18,2),(151,19,2),(151,22,4),(151,51,2),
    (152,1,1),(152,7,1),(152,10,3),(152,15,1),(152,18,2),(152,19,2),(152,22,4),(152,47,2),(152,51,2),(152,61,2),
    (153,1,1),(153,7,1),(153,10,4),(153,15,1),(153,19,3),(153,49,1),(153,50,1),(153,51,3),(153,52,1),(153,53,1),(153,54,1),
    (154,1,1),(154,4,1),(154,10,2),(154,14,1),(154,59,1),
    (155,1,1),(155,5,1),(155,10,2),(155,14,2),(155,35,1),(155,59,2),
    (156,1,1),(156,5,1),(156,10,2),(156,14,2),(156,59,2),(156,60,1),
    (157,1,1),(157,6,1),(157,10,2),(157,14,3),(157,22,1),(157,35,1),
    (158,1,1),(158,6,1),(158,10,2),(158,14,3),(158,30,1),(158,59,3),(158,60,1),
    (159,1,1),(159,7,1),(159,10,2),(159,14,4),(159,22,2),(159,35,2),
    (160,1,1),(160,7,1),(160,10,2),(160,14,3),(160,30,2),(160,59,4),(160,60,2),
    (161,1,1),(161,4,1),(161,10,3),(161,16,1),(161,31,1),(161,55,1),(161,61,-1),
    (162,1,1),(162,5,1),(162,10,3),(162,16,2),(162,17,1),(162,31,2),(162,55,2),(162,59,1),(162,61,-2),
    (163,1,1),(163,5,1),(163,10,3),(163,16,2),(163,19,1),(163,31,2),(163,55,2),(163,58,1),(163,61,-2),
    (164,1,1),(164,6,1),(164,10,3),(164,16,2),(164,17,2),(164,31,3),(164,55,3),(164,57,1),(164,59,2),(164,61,-3),
    (165,1,1),(165,6,1),(165,10,3),(165,16,2),(165,19,2),(165,31,3),(165,53,1),(165,55,3),(165,58,1),(165,61,-3),
    (166,1,1),(166,7,1),(166,10,3),(166,16,2),(166,17,3),(166,31,4),(166,55,4),(166,57,2),(166,59,2),(166,60,1),(166,61,-4),
    (167,1,1),(167,7,1),(167,10,3),(167,16,2),(167,19,3),(167,31,4),(167,51,1),(167,53,2),(167,55,4),(167,58,2),(167,61,-4),
    (168,1,1),(168,4,1),(168,10,5),(168,16,1),(168,32,1),
    (169,1,1),(169,5,1),(169,10,5),(169,16,2),(169,17,1),(169,32,2),(169,45,1),
    (170,1,1),(170,5,1),(170,10,5),(170,16,2),(170,18,1),(170,32,2),(170,48,1),
    (171,3,1),(171,5,1),(171,11,1),(171,15,1),(171,19,1),(171,32,2),(171,38,1),
    (172,1,1),(172,6,1),(172,10,4),(172,16,3),(172,17,2),(172,32,3),(172,57,1),
    (173,1,1),(173,6,1),(173,10,4),(173,16,2),(173,18,2),(173,32,3),(173,60,1),
    (174,1,1),(174,6,1),(174,10,2),(174,16,3),(174,19,2),(174,32,3),(174,54,1),
    (175,1,1),(175,7,1),(175,10,2),(175,16,5),(175,17,3),(175,32,4),(175,57,2),(175,60,2),
    (176,1,1),(176,7,1),(176,10,5),(176,16,2),(176,18,3),(176,32,4),(176,59,1),(176,60,2),
    (177,1,1),(177,7,1),(177,10,4),(177,16,3),(177,19,3),(177,32,4),(177,51,2),(177,54,2),
    (178,1,1),(178,4,1),(178,11,1),(178,14,1),(178,33,1),(178,56,1),(178,60,-1),
    (179,1,1),(179,5,1),(179,11,1),(179,14,2),(179,17,1),(179,20,1),(179,33,2),(179,37,2),(179,55,-1),(179,56,2),(179,60,-2),
    (180,1,1),(180,5,1),(180,11,1),(180,14,2),(180,19,1),(180,33,2),(180,35,1),(180,37,1),(180,55,-2),(180,56,2),(180,60,-2),
    (181,1,1),(181,6,1),(181,11,1),(181,14,3),(181,17,2),(181,20,2),(181,33,3),(181,55,-2),(181,56,3),(181,60,-3),
    (182,1,1),(182,6,1),(182,11,1),(182,14,3),(182,19,2),(182,33,3),(182,35,2),(182,55,-2),(182,56,3),(182,60,-3),
    (183,1,1),(183,7,1),(183,11,1),(183,14,4),(183,17,3),(183,20,3),(183,33,4),(183,55,-4),(183,56,4),(183,57,2),(183,60,-4),
    (184,1,1),(184,7,1),(184,11,1),(184,14,3),(184,19,3),(184,33,4),(184,35,2),(184,55,-4),(184,56,4),(184,58,2),(184,60,-4),
    (185,1,1),(185,4,1),(185,9,1),(185,14,1),(185,34,1),
    (186,1,1),(186,5,1),(186,9,1),(186,14,2),(186,17,1),(186,34,2),(186,35,1),
    (187,1,1),(187,5,1),(187,9,1),(187,14,1),(187,19,1),(187,21,1),(187,34,2),
    (188,1,1),(188,6,1),(188,9,1),(188,14,3),(188,17,2),(188,34,3),(188,35,2),(188,59,1),
    (189,1,1),(189,6,1),(189,9,1),(189,14,2),(189,19,2),(189,21,2),(189,34,3),(189,56,-1),
    (190,1,1),(190,7,1),(190,9,1),(190,14,3),(190,17,3),(190,34,4),(190,35,3),(190,59,2),
    (191,1,1),(191,7,1),(191,9,1),(191,14,2),(191,19,3),(191,21,3),(191,34,4),(191,50,1),(191,52,1),(191,56,-2),
    (192,1,1),(192,4,1),(192,10,3),(192,14,1),(192,35,1),
    (193,1,1),(193,5,1),(193,10,3),(193,14,2),(193,17,1),(193,22,1),(193,35,2),
    (194,1,1),(194,5,1),(194,10,3),(194,14,2),(194,19,1),(194,29,1),(194,35,2),
    (195,1,1),(195,6,1),(195,10,3),(195,14,3),(195,17,2),(195,22,2),(195,35,3),(195,42,1),
    (196,1,1),(196,6,1),(196,10,3),(196,14,3),(196,19,2),(196,29,2),(196,35,3),(196,51,1),
    (197,1,1),(197,7,1),(197,10,3),(197,14,4),(197,17,3),(197,22,3),(197,35,4),(197,42,2),(197,57,1),
    (198,1,1),(198,7,1),(198,10,3),(198,14,4),(198,19,3),(198,22,2),(198,29,2),(198,51,1),(198,52,1),(198,58,1),
    (199,1,1),(199,4,1),(199,10,1),(199,14,1),(199,35,1),
    (200,1,1),(200,5,1),(200,10,2),(200,14,2),(200,17,1),(200,35,2),(200,59,1),
    (201,1,1),(201,5,1),(201,10,2),(201,14,2),(201,18,1),(201,35,2),(201,59,1),
    (202,1,1),(202,5,1),(202,10,2),(202,14,2),(202,19,1),(202,52,1),(202,59,1),
    (203,1,1),(203,6,1),(203,10,2),(203,14,3),(203,17,2),(203,35,3),(203,57,1),(203,59,2),
    (204,1,1),(204,6,1),(204,10,2),(204,14,3),(204,18,2),(204,35,3),(204,37,1),(204,59,2),
    (205,1,1),(205,6,1),(205,10,2),(205,14,3),(205,18,1),(205,19,1),(205,47,1),(205,52,1),(205,60,1),(205,61,1),
    (206,1,1),(206,6,1),(206,10,2),(206,14,3),(206,19,2),(206,50,1),(206,52,3),(206,54,1),(206,58,1),
    (207,1,1),(207,7,1),(207,10,2),(207,14,4),(207,17,3),(207,35,4),(207,57,2),(207,59,3),
    (208,1,1),(208,7,1),(208,10,2),(208,14,4),(208,18,3),(208,35,4),(208,37,2),(208,59,3),(208,60,2),
    (209,1,1),(209,7,1),(209,10,2),(209,14,4),(209,18,2),(209,19,2),(209,47,2),(209,52,2),(209,59,1),(209,60,2),(209,61,2),
    (210,1,1),(210,7,1),(210,10,2),(210,14,4),(210,19,3),(210,49,1),(210,50,1),(210,51,1),(210,52,3),(210,53,1),(210,54,1),(210,58,2),
    (211,1,1),(211,4,1),(211,10,2),(211,14,1),(211,35,1),
    (212,1,1),(212,5,1),(212,10,2),(212,14,2),(212,35,2),(212,57,1),(212,58,-1),
    (213,1,1),(213,5,1),(213,10,2),(213,14,2),(213,35,2),(213,59,1),(213,60,-1),
    (214,1,1),(214,5,1),(214,10,2),(214,14,2),(214,35,2),(214,57,-1),(214,58,1),
    (215,1,1),(215,6,1),(215,10,2),(215,14,3),(215,35,3),(215,57,2),(215,58,-2),(215,60,1),
    (216,1,1),(216,6,1),(216,10,2),(216,14,3),(216,35,3),(216,59,1),(216,60,-1),
    (217,1,1),(217,6,1),(217,10,2),(217,14,3),(217,35,3),(217,57,-2),(217,58,2),(217,59,1),
    (218,1,1),(218,7,1),(218,10,2),(218,14,4),(218,35,4),(218,57,3),(218,58,-3),(218,60,2),
    (219,1,1),(219,7,1),(219,10,2),(219,14,4),(219,35,4),(219,59,3),
    (220,1,1),(220,7,1),(220,10,2),(220,14,4),(220,35,4),(220,57,-2),(220,58,2),(220,59,1),
    (221,1,1),(221,4,1),(221,10,2),(221,14,1),(221,36,1),(221,38,1),
    (222,1,1),(222,5,1),(222,10,2),(222,14,2),(222,17,1),(222,36,2),(222,38,1),
    (223,1,1),(223,5,1),(223,10,2),(223,14,2),(223,18,1),(223,36,1),(223,38,1),(223,48,1),
    (224,1,1),(224,5,1),(224,10,2),(224,14,2),(224,19,1),(224,36,1),(224,38,1),(224,58,1),
    (225,1,1),(225,6,1),(225,10,2),(225,14,3),(225,17,2),(225,36,3),(225,38,2),
    (226,1,1),(226,6,1),(226,10,2),(226,14,3),(226,18,2),(226,36,1),(226,38,2),(226,48,2),
    (227,1,1),(227,6,1),(227,10,2),(227,14,3),(227,19,2),(227,36,1),(227,38,2),(227,54,1),(227,58,2),
    (228,1,1),(228,7,1),(228,10,2),(228,14,3),(228,17,3),(228,36,4),(228,38,3),(228,48,1),
    (229,1,1),(229,7,1),(229,10,2),(229,14,3),(229,18,3),(229,36,2),(229,38,2),(229,48,2),(229,59,1),(229,60,1),
    (230,1,1),(230,7,1),(230,10,2),(230,14,3),(230,19,3),(230,36,2),(230,38,3),(230,52,1),(230,54,2),(230,58,3),
    (231,2,1),(231,4,1),(231,10,2),(231,12,1),(231,15,1),(231,37,1),
    (232,1,1),(232,5,1),(232,10,1),(232,12,1),(232,16,2),(232,17,1),(232,37,2),(232,56,1),
    (233,1,1),(233,5,1),(233,10,2),(233,12,1),(233,16,2),(233,18,1),(233,37,3),(233,56,1),
    (234,2,1),(234,5,1),(234,10,2),(234,12,2),(234,15,1),(234,19,1),(234,37,2),(234,49,1),(234,53,1),(234,56,1),(234,60,-1),
    (235,1,1),(235,6,1),(235,10,2),(235,12,2),(235,16,3),(235,17,2),(235,20,1),(235,37,3),(235,56,2),
    (236,1,1),(236,6,1),(236,10,2),(236,12,2),(236,16,3),(236,18,2),(236,37,3),(236,56,2),
    (237,2,1),(237,6,1),(237,10,2),(237,12,3),(237,15,1),(237,19,2),(237,37,3),(237,49,2),(237,53,2),(237,56,2),(237,58,1),(237,60,-2),
    (238,1,1),(238,7,1),(238,10,2),(238,12,2),(238,16,4),(238,17,3),(238,37,4),(238,56,2),
    (239,1,1),(239,7,1),(239,10,2),(239,12,2),(239,16,4),(239,18,3),(239,37,4),(239,56,2),
    (240,2,1),(240,7,1),(240,10,2),(240,12,3),(240,15,1),(240,19,3),(240,37,4),(240,49,3),(240,53,3),(240,58,3),(240,60,-3),
    (241,2,1),(241,4,1),(241,10,4),(241,12,1),(241,15,1),(241,38,1),
    (242,1,1),(242,5,1),(242,10,4),(242,12,1),(242,16,2),(242,17,1),(242,38,2),(242,42,1),(242,43,1),
    (243,2,1),(243,5,1),(243,10,4),(243,12,2),(243,15,1),(243,19,1),(243,38,2),(243,43,1),(243,53,1),
    (244,1,1),(244,6,1),(244,10,4),(244,12,1),(244,16,3),(244,17,2),(244,38,3),(244,42,2),(244,43,2),(244,57,1),
    (245,2,1),(245,6,1),(245,10,4),(245,12,2),(245,15,1),(245,19,2),(245,38,3),(245,43,2),(245,50,1),(245,53,2),(245,55,1),(245,58,1),
    (246,1,1),(246,7,1),(246,10,4),(246,12,1),(246,16,4),(246,17,3),(246,38,4),(246,42,3),(246,43,3),(246,57,2),(246,59,2),
    (247,2,1),(247,7,1),(247,10,4),(247,12,3),(247,15,1),(247,19,3),(247,38,4),(247,43,3),(247,50,3),(247,53,3),(247,55,2),(247,58,2),
    (248,1,1),(248,4,1),(248,10,3),(248,16,2),(248,39,1),(248,43,1),(248,60,1),
    (249,1,1),(249,5,1),(249,10,3),(249,16,3),(249,17,1),(249,39,2),(249,43,2),(249,59,-1),(249,60,2),
    (250,1,1),(250,5,1),(250,10,3),(250,15,1),(250,19,1),(250,31,1),(250,39,1),(250,40,2),(250,43,1),(250,60,-1),
    (251,1,1),(251,6,1),(251,10,2),(251,16,4),(251,17,2),(251,39,3),(251,43,1),(251,57,1),(251,59,-3),(251,60,3),
    (252,1,1),(252,6,1),(252,10,2),(252,14,1),(252,19,2),(252,31,2),(252,39,1),(252,40,3),(252,43,1),(252,60,-1),
    (253,1,1),(253,7,1),(253,10,2),(253,16,5),(253,17,3),(253,39,4),(253,43,2),(253,57,3),(253,59,-3),(253,60,4),
    (254,1,1),(254,7,1),(254,10,3),(254,14,2),(254,19,3),(254,31,2),(254,39,1),(254,40,4),(254,43,2),(254,60,-3),
    (255,1,1),(255,4,1),(255,10,3),(255,12,1),(255,14,1),(255,41,1),
    (256,1,1),(256,5,1),(256,10,3),(256,12,2),(256,14,2),(256,17,1),(256,41,2),(256,57,1),
    (257,1,1),(257,5,1),(257,10,3),(257,12,2),(257,14,2),(257,19,1),(257,31,1),(257,33,1),(257,41,1),(257,53,1),(257,57,-1),(257,60,-2),
    (258,1,1),(258,6,1),(258,10,3),(258,12,2),(258,14,2),(258,17,2),(258,41,3),(258,57,2),(258,58,1),
    (259,1,1),(259,6,1),(259,10,3),(259,12,2),(259,14,2),(259,19,2),(259,31,2),(259,33,1),(259,41,1),(259,52,1),(259,53,2),(259,57,-2),(259,60,-2),
    (260,1,1),(260,7,1),(260,10,3),(260,12,2),(260,14,2),(260,17,3),(260,41,4),(260,57,3),(260,58,1),(260,59,1),
    (261,1,1),(261,7,1),(261,10,3),(261,12,2),(261,14,2),(261,19,3),(261,31,3),(261,33,2),(261,41,1),(261,52,2),(261,53,2),(261,57,-1),(261,61,-1),
    (262,3,1),(262,4,1),(262,10,5),(262,12,1),(262,15,1),(262,42,1),(262,43,1),
    (263,1,1),(263,5,1),(263,10,3),(263,12,2),(263,14,1),(263,17,1),(263,41,1),(263,42,2),(263,43,1),
    (264,3,1),(264,5,1),(264,10,5),(264,12,2),(264,15,1),(264,18,1),(264,37,1),(264,42,2),(264,43,1),
    (265,1,1),(265,5,1),(265,10,3),(265,12,2),(265,15,1),(265,19,1),(265,31,1),(265,42,2),(265,43,1),(265,53,1),
    (266,1,1),(266,6,1),(266,10,2),(266,12,3),(266,14,2),(266,17,2),(266,41,2),(266,42,3),(266,43,2),
    (267,3,1),(267,6,1),(267,10,5),(267,12,3),(267,15,1),(267,18,2),(267,37,2),(267,42,3),(267,43,3),
    (268,1,1),(268,6,1),(268,10,3),(268,12,3),(268,15,1),(268,18,1),(268,19,1),(268,42,3),(268,43,3),(268,47,1),(268,53,1),(268,60,1),(268,61,2),
    (269,1,1),(269,6,1),(269,10,3),(269,12,3),(269,15,1),(269,19,2),(269,42,3),(269,43,2),(269,50,1),(269,51,1),(269,53,2),(269,58,1),
    (270,1,1),(270,7,1),(270,10,3),(270,12,4),(270,14,2),(270,17,3),(270,41,3),(270,42,4),(270,43,2),
    (271,3,1),(271,7,1),(271,10,5),(271,12,4),(271,15,1),(271,18,3),(271,31,1),(271,37,3),(271,42,4),(271,43,2),
    (272,1,1),(272,7,1),(272,10,3),(272,12,4),(272,15,1),(272,18,2),(272,19,2),(272,42,4),(272,43,2),(272,47,2),(272,53,2),(272,60,2),(272,61,3),
    (273,1,1),(273,7,1),(273,10,3),(273,12,4),(273,15,1),(273,19,3),(273,42,4),(273,43,2),(273,49,1),(273,50,1),(273,51,1),(273,52,1),(273,53,3),(273,54,1),(273,58,2),
    (274,1,1),(274,4,1),(274,10,3),(274,16,1),(274,43,1),
    (275,1,1),(275,5,1),(275,10,3),(275,16,2),(275,17,1),(275,42,1),(275,43,2),(275,57,1),
    (276,1,1),(276,5,1),(276,10,3),(276,16,2),(276,18,1),(276,41,1),(276,42,1),(276,43,2),
    (277,1,1),(277,5,1),(277,10,3),(277,15,1),(277,19,1),(277,43,2),(277,53,1),
    (278,1,1),(278,6,1),(278,10,3),(278,16,3),(278,17,2),(278,42,2),(278,43,3),(278,57,2),
    (279,1,1),(279,6,1),(279,10,3),(279,16,3),(279,18,2),(279,41,1),(279,42,1),(279,43,3),(279,45,1),
    (280,1,1),(280,6,1),(280,10,3),(280,15,1),(280,19,2),(280,43,3),(280,53,2),(280,54,1),(280,57,-1),(280,58,-1),
    (281,1,1),(281,7,1),(281,10,1),(281,16,4),(281,17,3),(281,41,2),(281,42,2),(281,43,4),(281,57,3),
    (282,1,1),(282,7,1),(282,10,1),(282,12,1),(282,16,2),(282,18,3),(282,41,2),(282,42,2),(282,43,4),(282,45,2),(282,55,1),
    (283,1,1),(283,7,1),(283,10,3),(283,12,1),(283,15,1),(283,19,3),(283,53,3),(283,54,2),(283,55,1),(283,58,2),
    (284,1,1),(284,4,1),(284,10,1),(284,16,1),(284,44,1),(284,55,-1),
    (285,1,1),(285,5,1),(285,10,1),(285,16,2),(285,17,1),(285,44,2),(285,55,-2),(285,57,1),(285,58,-1),
    (286,1,1),(286,5,1),(286,10,2),(286,16,1),(286,18,1),(286,44,2),(286,55,-2),(286,56,1),
    (287,1,1),(287,5,1),(287,11,1),(287,15,1),(287,19,1),(287,44,2),(287,45,1),(287,55,-2),
    (288,1,1),(288,6,1),(288,10,1),(288,14,1),(288,17,2),(288,44,3),(288,55,-3),(288,57,2),(288,58,-2),
    (289,1,1),(289,6,1),(289,10,2),(289,14,1),(289,18,2),(289,44,3),(289,55,-3),(289,56,2),
    (290,1,1),(290,6,1),(290,11,1),(290,15,1),(290,19,2),(290,44,3),(290,45,1),(290,54,1),(290,55,-3),(290,58,2),
    (291,1,1),(291,7,1),(291,10,1),(291,16,4),(291,17,3),(291,44,4),(291,55,-4),(291,57,3),(291,58,-3),(291,60,1),
    (292,1,1),(292,7,1),(292,10,1),(292,16,4),(292,18,3),(292,44,4),(292,55,-4),(292,56,3),(292,60,2),
    (293,3,1),(293,7,1),(293,11,1),(293,15,1),(293,19,3),(293,44,4),(293,45,2),(293,49,2),(293,54,2),(293,55,-4),(293,58,2),
    (294,1,1),(294,4,1),(294,10,5),(294,16,1),(294,32,1),
    (295,1,1),(295,5,1),(295,10,5),(295,14,1),(295,17,1),(295,32,2),(295,59,1),(295,60,-1),
    (296,1,1),(296,5,1),(296,10,5),(296,16,2),(296,18,1),(296,22,1),(296,32,2),(296,45,1),
    (297,1,1),(297,5,1),(297,10,5),(297,16,1),(297,19,1),(297,32,2),(297,45,1),(297,54,1),(297,58,1),(297,60,-1),
    (298,1,1),(298,6,1),(298,10,5),(298,14,2),(298,17,2),(298,32,3),(298,45,1),(298,57,1),(298,59,2),(298,60,-1),
    (299,1,1),(299,6,1),(299,10,5),(299,16,2),(299,18,2),(299,22,2),(299,26,1),(299,32,3),(299,45,1),
    (300,1,1),(300,6,1),(300,10,5),(300,16,1),(300,19,2),(300,32,3),(300,45,1),(300,50,1),(300,54,2),(300,58,1),
    (301,1,1),(301,7,1),(301,10,5),(301,14,3),(301,17,3),(301,32,4),(301,42,1),(301,57,2),(301,59,2),
    (302,1,1),(302,7,1),(302,10,5),(302,16,4),(302,18,3),(302,22,3),(302,26,2),(302,32,4),(302,45,2),
    (303,1,1),(303,7,1),(303,10,5),(303,16,1),(303,19,3),(303,32,4),(303,45,2),(303,50,2),(303,54,3),(303,58,3),
    (304,1,1),(304,4,1),(304,9,1),(304,13,1),(304,15,1),(304,45,1),(304,48,1),
    (305,1,1),(305,5,1),(305,9,1),(305,13,1),(305,16,2),(305,17,1),(305,44,1),(305,45,1),(305,48,2),
    (306,3,1),(306,5,1),(306,9,1),(306,13,1),(306,15,1),(306,19,1),(306,45,1),(306,48,2),(306,54,1),
    (307,1,1),(307,6,1),(307,9,1),(307,13,1),(307,16,3),(307,17,2),(307,44,1),(307,45,1),(307,48,3),(307,57,1),
    (308,3,1),(308,6,1),(308,9,1),(308,13,2),(308,15,1),(308,19,2),(308,45,1),(308,48,3),(308,51,1),(308,54,2),(308,58,1),(308,60,-1),
    (309,1,1),(309,7,1),(309,9,1),(309,13,1),(309,16,5),(309,17,3),(309,44,2),(309,45,1),(309,48,4),(309,55,-1),(309,57,2),
    (310,1,1),(310,7,1),(310,9,1),(310,12,2),(310,15,1),(310,19,3),(310,45,2),(310,48,4),(310,54,3),(310,51,2),(310,58,2),(310,60,-2),
    (311,2,1),(311,4,1),(311,11,1),(311,15,1),(311,27,1),
    (312,2,1),(312,5,1),(312,11,1),(312,15,1),(312,17,1),(312,27,1),(312,45,1),
    (313,2,1),(313,5,1),(313,11,1),(313,15,1),(313,18,1),(313,27,1),(313,59,1),
    (314,2,1),(314,5,1),(314,11,1),(314,15,1),(314,19,1),(314,27,1),(314,56,-1),
    (315,2,1),(315,6,1),(315,11,1),(315,15,1),(315,17,2),(315,27,2),(315,45,2),
    (316,2,1),(316,6,1),(316,11,1),(316,15,1),(316,18,2),(316,27,2),(316,59,2),
    (317,2,1),(317,6,1),(317,11,1),(317,15,1),(317,19,2),(317,27,2),(317,50,1),(317,52,1),(317,56,-2),(317,57,-1),(317,60,-1),
    (318,2,1),(318,7,1),(318,11,1),(318,15,1),(318,17,3),(318,27,3),(318,45,3),(318,57,1),
    (319,2,1),(319,7,1),(319,11,1),(319,15,1),(319,18,3),(319,27,3),(319,55,-2),(319,59,3),
    (320,2,1),(320,7,1),(320,11,1),(320,15,1),(320,19,3),(320,27,3),(320,50,2),(320,52,2),(320,56,-3),(320,57,-2),(320,60,-1),
    (321,1,1),(321,4,1),(321,10,3),(321,15,1),(321,44,1),
    (322,1,1),(322,5,1),(322,10,3),(322,14,2),(322,17,1),(322,44,2),(322,45,1),
    (323,1,1),(323,5,1),(323,10,3),(323,16,1),(323,19,1),(323,44,2),(323,58,1),
    (324,1,1),(324,6,1),(324,10,3),(324,16,4),(324,17,2),(324,44,3),(324,45,2),
    (325,1,1),(325,6,1),(325,10,3),(325,14,3),(325,19,2),(325,44,3),(325,58,2),
    (326,1,1),(326,7,1),(326,10,3),(326,14,3),(326,17,3),(326,44,4),(326,45,3),
    (327,1,1),(327,7,1),(327,10,3),(327,16,3),(327,19,3),(327,44,4),(327,58,3),
    (328,3,1),(328,4,1),(328,10,3),(328,13,1),(328,15,1),(328,45,1),
    (329,1,1),(329,5,1),(329,10,3),(329,13,2),(329,16,2),(329,17,1),(329,44,1),(329,45,2),(329,57,1),
    (330,1,1),(330,5,1),(330,10,3),(330,13,2),(330,16,2),(330,18,1),(330,44,1),(330,45,1),(330,38,1),
    (331,1,1),(331,5,1),(331,10,3),(331,13,2),(331,15,1),(331,19,1),(331,44,1),(331,45,2),(331,54,1),
    (332,1,1),(332,6,1),(332,10,3),(332,13,3),(332,16,4),(332,17,2),(332,44,2),(332,45,3),(332,57,1),(332,59,1),
    (333,1,1),(333,6,1),(333,10,3),(333,13,3),(333,16,3),(333,18,2),(333,44,2),(333,45,3),(333,38,2),
    (334,1,1),(334,6,1),(334,10,3),(334,13,3),(334,16,3),(334,18,1),(334,19,1),(334,44,1),(334,45,3),(334,47,1),(334,54,1),(334,60,1),(334,61,1),
    (335,1,1),(335,6,1),(335,10,3),(335,13,3),(335,16,3),(335,19,2),(335,44,2),(335,45,3),(335,49,1),(335,52,1),(335,54,2),
    (336,1,1),(336,7,1),(336,10,3),(336,13,4),(336,15,1),(336,17,3),(336,44,3),(336,45,4),(336,57,2),(336,59,2),
    (337,1,1),(337,7,1),(337,10,3),(337,13,4),(337,16,2),(337,18,3),(337,44,3),(337,45,4),(337,38,3),(337,57,2),
    (338,1,1),(338,7,1),(338,10,3),(338,13,4),(338,16,3),(338,18,2),(338,19,2),(338,44,3),(338,45,4),(338,47,2),(338,54,3),(338,60,2),(338,61,2),
    (339,1,1),(339,7,1),(339,10,3),(339,13,4),(339,15,1),(339,19,3),(339,44,3),(339,45,4),(339,49,1),(339,50,1),(339,51,1),(339,52,1),(339,53,1),(339,54,3),(339,58,2);
  